62 0
229 0
250 0
249 0
254 0
381 0
380 0
379 0
378 0
377 0
447 0
446 0
445 0
670 0
669 0
668 0
667 0
999 0
1355 0
1194 0
1175 0
1395 0
1174 0
1173 0
1172 0
1171 0
1170 0
1169 0
1168 0
1167 0
1166 0
1165 0
1164 0
1163 0
1162 0
1161 0
1160 0
1190 0
1189 0
1188 0
1187 0
1186 0
1185 0
1184 0
1183 0
1182 0
1181 0
1180 0
1179 0
1178 0
1177 0
1176 0
1493 0
1492 0
1491 0
1490 0
1498 0
1519 0
1646 0
1579 0
1578 0
1577 0
1576 0
1575 0
1574 0
1573 0
1572 0
1595 0
1594 0
1593 0
1592 0
1591 0
1590 0
1589 0
1588 0
1822 0
1821 0
1638 0
1656 0
1655 0
1654 0
1653 0
1652 0
1651 0
1670 0
1956 0
2025 0
2108 0
2112 0
2111 0
2078 0
2216 0
2215 0
2214 0
2290 0
2034 0
2033 0
2032 0
2031 0
2030 0
2029 0
2028 0
2027 0
2024 0
2023 0
2022 0
2021 0
2020 0
2019 0
2018 0
2017 0
1698 0
1697 0
1696 0
1695 0
1694 0
1693 0
1692 0
1691 0
1690 0
1689 0
1688 0
1687 0
1718 0
1717 0
1716 0
1715 0
1994 0
2424 0
2199 0
2433 0
2436 0
2490 0
2555 0
2558 0
2445 0
2442 0
997 0
996 0
995 0
994 0
993 0
992 0
991 0
990 0
989 0
988 0
987 0
986 0
985 0
984 0
1002 0
1015 0
1014 0
1157 0
1156 0
1155 0
1154 0
1153 0
1152 0
1151 0
1150 0
1149 0
1148 0
1147 0
1146 0
1145 0
1144 0
1143 0
1142 0
1141 0
1140 0
1139 0
1138 0
1137 0
1136 0
1135 0
1134 0
1133 0
1132 0
1131 0
1130 0
1129 0
2737 0
2736 0
2735 0
2734 0
2733 0
2732 0
2731 0
2730 0
2729 0
2728 0
2759 0
2758 0
1063 0
1062 0
1061 0
1060 0
1059 0
1128 0
1127 0
1126 0
1125 0
1124 0
1210 0
1217 0
1216 0
1215 0
1214 0
1213 0
1212 0
1230 0
1229 0
1228 0
1227 0
1226 0
1247 0
1246 0
1245 0
1244 0
1243 0
1251 0
1250 0
1249 0
1334 0
1333 0
1332 0
1331 0
1330 0
1329 0
1328 0
1327 0
1326 0
1325 0
1324 0
1323 0
1322 0
1321 0
1320 0
1319 0
1318 0
1317 0
1316 0
1315 0
1314 0
1313 0
1312 0
1311 0
1310 0
1309 0
1308 0
1307 0
1306 0
1305 0
1304 0
1303 0
1302 0
1301 0
1300 0
1299 0
1298 0
1297 0
1296 0
1349 0
1348 0
1597 0
1596 0
1750 0
1749 0
1748 0
1747 0
1746 0
1587 0
1586 0
1585 0
1584 0
1583 0
1582 0
2041 0
2040 0
2039 0
2038 0
2037 0
2036 0
2035 0
2372 0
2371 0
2370 0
2369 0
2368 0
2367 0
2366 0
2365 0
2364 0
2363 0
2362 0
2016 0
2015 0
2014 0
2013 0
2000 0
1999 0
1998 0
1997 0
1996 0
1995 0
2423 0
1993 0
1992 0
1991 0
1990 0
1989 0
1988 0
1987 0
1986 0
1985 0
1984 0
1983 0
1982 0
1981 0
1980 0
1979 0
1978 0
1977 0
1976 0
1975 0
1974 0
1973 0
1972 0
1971 0
1970 0
1969 0
1968 0
1967 0
1966 0
1965 0
1964 0
1963 0
1962 0
1961 0
1960 0
1959 0
1958 0
1957 0
2011 0
1955 0
1954 0
1953 0
1952 0
1951 0
1950 0
1949 0
1948 0
1947 0
1946 0
1945 0
1944 0
1943 0
1942 0
1941 0
1940 0
1939 0
1938 0
1937 0
1936 0
1935 0
1934 0
1933 0
1932 0
1931 0
1930 0
1929 0
1928 0
1927 0
1926 0
1925 0
1924 0
1923 0
1922 0
2045 0
2044 0
2043 0
1708 0
1707 0
1706 0
1705 0
1704 0
1703 0
1702 0
1701 0
1700 0
1699 0
2402 0
2401 0
2400 0
2399 0
2398 0
2397 0
2396 0
2395 0
2394 0
2393 0
2392 0
1686 0
1685 0
1684 0
1683 0
1682 0
1681 0
1680 0
1679 0
1678 0
1677 0
1676 0
1675 0
1674 0
1673 0
1672 0
1671 0
1920 0
1919 0
1918 0
1917 0
1669 0
1668 0
1667 0
1666 0
1665 0
1664 0
1663 0
1662 0
1661 0
1660 0
1659 0
1658 0
1657 0
1901 0
1900 0
1899 0
1898 0
1650 0
1649 0
1648 0
1645 0
1644 0
1643 0
1642 0
1641 0
1640 0
1633 0
1632 0
1636 0
1631 0
1630 0
1629 0
1628 0
1627 0
1626 0
1625 0
1624 0
1623 0
1622 0
1621 0
1620 0
1619 0
1618 0
1617 0
1616 0
1615 0
1614 0
1613 0
1612 0
1611 0
1610 0
1609 0
1608 0
1607 0
1606 0
1605 0
1604 0
1603 0
1602 0
1601 0
1581 0
1580 0
1734 0
1733 0
1732 0
1731 0
1730 0
1571 0
1570 0
1569 0
1568 0
1567 0
1566 0
1565 0
1564 0
1563 0
1562 0
1561 0
1560 0
1559 0
1558 0
1557 0
1556 0
1555 0
1554 0
1553 0
1552 0
1551 0
1550 0
1549 0
1548 0
1547 0
1546 0
1545 0
1544 0
1543 0
1542 0
1541 0
1540 0
1539 0
1538 0
1537 0
1536 0
1535 0
1534 0
1533 0
1532 0
1531 0
1530 0
1529 0
1528 0
1527 0
1526 0
1525 0
1524 0
1523 0
1522 0
1521 0
1518 0
1517 0
1516 0
1515 0
1514 0
1513 0
1512 0
1511 0
1510 0
1509 0
1508 0
1507 0
1506 0
1505 0
1504 0
1503 0
1502 0
1501 0
1500 0
1489 0
1488 0
1487 0
2941 0
2940 0
2939 0
2938 0
2937 0
2936 0
2935 0
3576 0
3575 0
3640 0
3622 0
3793 0
3929 0
3928 0
4010 0
4097 0
4096 0
4095 0
4094 0
4136 0
4135 0
4229 0
4228 0
4246 0
4309 0
4201 0
4200 0
4199 0
4198 0
4197 0
4196 0
4195 0
4260 0
4259 0
4258 0
4257 0
4256 0
4255 0
4254 0
4428 0
4427 0
4426 0
4408 0
4227 0
4226 0
4225 0
4224 0
4223 0
4233 0
4232 0
4222 0
4221 0
4220 0
4219 0
4218 0
4217 0
4216 0
4248 0
4245 0
4244 0
4243 0
4242 0
4241 0
4240 0
4239 0
4238 0
4237 0
4236 0
4235 0
4252 0
4234 0
4565 0
4564 0
4592 0
4585 0
4584 0
4599 0
3734 0
4678 0
4410 0
4411 0
4737 0
4624 0
4623 0
4622 0
4621 0
4620 0
4619 0
4618 0
4617 0
4653 0
4652 0
4651 0
4650 0
4649 0
4648 0
4647 0
4646 0
4912 0
4425 0
4752 0
4949 0
4948 0
4947 0
4946 0
5053 0
5086 0
5168 0
5254 0
5253 0
5252 0
5251 0
5250 0
5249 0
5248 0
5247 0
5323 0
5322 0
5321 0
5320 0
5319 0
5156 0
5155 0
5154 0
5153 0
5152 0
5151 0
5150 0
5149 0
5148 0
5147 0
5146 0
5145 0
5144 0
5143 0
5142 0
5141 0
5140 0
5139 0
5138 0
5137 0
5136 0
5135 0
5134 0
5434 0
5433 0
5432 0
5602 0
5725 0
5724 0
5723 0
5722 0
5721 0
5720 0
5750 0
5749 0
5748 0
5747 0
5746 0
5745 0
5744 0
5743 0
5742 0
5741 0
5740 0
5739 0
5811 0
5810 0
5809 0
5808 0
5865 0
5868 0
5914 0
5957 0
5959 0
5907 0
5906 0
5905 0
5904 0
5903 0
4375 0
4332 0
5898 0
6166 0
6195 0
6194 0
6193 0
6192 0
6319 0
6318 0
6317 0
6316 0
6315 0
6314 0
6313 0
6312 0
6311 0
6310 0
6309 0
6308 0
6495 0
6529 0
6533 0
6670 0
6669 0
6668 0
6667 0
6666 0
6587 0
6586 0
6585 0
6584 0
6583 0
6538 0
6601 0
6639 0
6638 0
6637 0
6636 0
6693 0
6692 0
6691 0
6690 0
6740 0
6739 0
6738 0
6737 0
6736 0
6735 0
6734 0
6733 0
6732 0
6850 0
6849 0
6848 0
6847 0
6846 0
6845 0
6844 0
6843 0
6864 0
6865 0
6866 0
6867 0
6868 0
6869 0
6870 0
6871 0
6872 0
6873 0
6874 0
6875 0
6876 0
6741 0
6742 0
6743 0
6744 0
6745 0
6746 0
6747 0
6748 0
6749 0
6750 0
6805 0
6806 0
6807 0
6808 0
6809 0
6810 0
6811 0
6812 0
6813 0
6814 0
6815 0
6816 0
6817 0
6818 0
6819 0
6820 0
6821 0
6822 0
6823 0
7078 0
7114 0
7113 0
7112 0
7111 0
7110 0
7190 0
7076 0
7430 0
7429 0
7428 0
7427 0
7426 0
7425 0
7424 0
7423 0
7422 0
7421 0
7420 0
7419 0
7418 0
7417 0
7416 0
7661 0
7660 0
7674 0
7673 0
7672 0
7671 0
7670 0
7669 0
7668 0
7667 0
7666 0
7665 0
7664 0
7663 0
7662 0
7730 0
7761 0
7945 0
7944 0
7943 0
7942 0
7941 0
7940 0
7939 0
7938 0
7937 0
7936 0
7935 0
7934 0
7967 0
7966 0
7965 0
7964 0
7963 0
7962 0
7961 0
7960 0
7959 0
7958 0
7933 0
7932 0
7931 0
7930 0
7929 0
7928 0
7927 0
7926 0
7925 0
7924 0
7923 0
7922 0
7921 0
7920 0
7919 0
7918 0
7917 0
7916 0
7915 0
7914 0
7913 0
7912 0
7911 0
7910 0
7909 0
7908 0
7907 0
7906 0
7905 0
7904 0
7903 0
7902 0
7901 0
7900 0
7899 0
7898 0
7897 0
7896 0
7895 0
7894 0
7893 0
7892 0
7891 0
7890 0
7889 0
7888 0
7887 0
7886 0
7885 0
7884 0
7883 0
7882 0
7881 0
7880 0
7879 0
7878 0
7877 0
7876 0
7875 0
7874 0
7873 0
7872 0
7871 0
7870 0
7869 0
7868 0
7867 0
7866 0
7865 0
7864 0
7863 0
7862 0
7861 0
7860 0
7859 0
7858 0
7857 0
7856 0
7855 0
7854 0
7853 0
7852 0
7851 0
7850 0
7849 0
7848 0
7847 0
7846 0
7845 0
7844 0
7843 0
7842 0
7841 0
7840 0
7839 0
7838 0
7837 0
7836 0
7835 0
7834 0
7833 0
7832 0
7831 0
7830 0
7829 0
7828 0
7760 0
7759 0
7758 0
7757 0
7777 0
7776 0
7775 0
7774 0
8319 0
7773 0
8254 0
8253 0
8263 0
8262 0
8261 0
8385 0
8421 0
8532 0
1048 0
1453 0
1375 0
1374 0
1373 0
1372 0
1371 0
1370 0
1369 0
1368 0
1367 0
1366 0
1365 0
1364 0
1363 0
1362 0
1361 0
1360 0
1359 0
1358 0
1357 0
1354 0
1353 0
1352 0
1351 0
1350 0
3205 0
3204 0
3203 0
3202 0
3201 0
3200 0
3199 0
1347 0
1346 0
1345 0
1344 0
1343 0
1342 0
1341 0
1340 0
1339 0
1338 0
1337 0
1336 0
1335 0
3142 0
3141 0
3140 0
3139 0
3138 0
3137 0
3136 0
3135 0
3134 0
3133 0
3132 0
3131 0
3130 0
1295 0
1294 0
1293 0
1292 0
1291 0
1290 0
1289 0
1288 0
1287 0
1286 0
1285 0
1284 0
1283 0
3125 0
3124 0
3123 0
3122 0
3121 0
3120 0
3119 0
3118 0
3117 0
1282 0
1281 0
1280 0
1279 0
1278 0
1277 0
1276 0
1275 0
1274 0
1273 0
1272 0
1271 0
1270 0
1269 0
1268 0
1267 0
1266 0
1265 0
3113 0
1264 0
1263 0
1262 0
1261 0
1260 0
1259 0
1258 0
1257 0
1256 0
1255 0
1254 0
3101 0
3100 0
1253 0
1252 0
3091 0
3090 0
3089 0
3088 0
3087 0
3086 0
3085 0
3084 0
3083 0
3082 0
3081 0
3080 0
3079 0
3078 0
3077 0
3076 0
3075 0
3074 0
3073 0
3072 0
1248 0
3070 0
3069 0
3068 0
3067 0
3066 0
3065 0
3064 0
3063 0
3062 0
3061 0
3060 0
3059 0
1242 0
1241 0
1240 0
1239 0
1238 0
1237 0
1236 0
1235 0
1234 0
9081 0
9080 0
9125 0
9195 0
9194 0
9193 0
9192 0
9191 0
9190 0
9189 0
9188 0
9187 0
9186 0
9185 0
9184 0
9183 0
9182 0
9181 0
9180 0
9179 0
9178 0
9177 0
9176 0
9175 0
9174 0
9173 0
9172 0
9290 0
9308 0
9233 0
9232 0
9231 0
9230 0
9343 0
9342 0
9341 0
9340 0
9339 0
9338 0
9337 0
9336 0
9334 0
9333 0
9332 0
9331 0
9330 0
9329 0
9328 0
9327 0
9347 0
9346 0
9429 0
9428 0
9427 0
9426 0
9425 0
9424 0
9423 0
9422 0
9421 0
9420 0
9419 0
9418 0
9417 0
9416 0
9415 0
9414 0
9413 0
9412 0
9411 0
9410 0
9409 0
9408 0
9407 0
9406 0
9405 0
9404 0
9403 0
9402 0
9401 0
9400 0
9345 0
9465 0
9471 0
9470 0
9469 0
9482 0
9481 0
9480 0
9479 0
9478 0
9477 0
9476 0
9475 0
9621 0
9620 0
9619 0
9618 0
9617 0
9616 0
9615 0
9367 0
9366 0
9365 0
9364 0
9363 0
9362 0
9361 0
9229 0
9228 0
9227 0
9226 0
9225 0
9224 0
9223 0
9222 0
9221 0
9220 0
9171 0
9614 0
9271 0
9270 0
9269 0
9268 0
9267 0
9266 0
9265 0
9264 0
9263 0
9262 0
9261 0
9344 0
9379 0
9378 0
9335 0
9396 0
9395 0
9394 0
9393 0
9392 0
9391 0
9390 0
9326 0
9325 0
9324 0
9323 0
9322 0
9321 0
9320 0
9319 0
9318 0
9317 0
9316 0
9315 0
9314 0
9313 0
9312 0
9311 0
9310 0
9307 0
9306 0
9305 0
9304 0
9303 0
9302 0
9301 0
9300 0
9299 0
9298 0
9297 0
9296 0
9295 0
9294 0
9293 0
9292 0
9289 0
9288 0
9287 0
9286 0
9285 0
9284 0
9283 0
9282 0
9096 0
9095 0
9094 0
9093 0
9092 0
9091 0
9090 0
9089 0
9088 0
9087 0
9086 0
9085 0
9084 0
9079 0
9078 0
9077 0
10015 0
10144 0
10160 0
10159 0
10244 0
10272 0
10296 0
10295 0
10294 0
10293 0
10351 0
10382 0
10503 0
10502 0
10501 0
10500 0
10499 0
10498 0
10497 0
10496 0
10495 0
10494 0
10493 0
10492 0
10491 0
10577 0
10598 0
10340 0
10339 0
10338 0
10337 0
10336 0
10335 0
10437 0
10436 0
10435 0
10434 0
10433 0
10432 0
10586 0
10585 0
10584 0
10583 0
10582 0
10230 0
10229 0
10326 0
10325 0
10422 0
10423 0
10173 0
10172 0
10952 0
10957 0
10956 0
11099 0
11098 0
11074 0
11073 0
11148 0
11147 0
11146 0
11145 0
11144 0
11143 0
11142 0
11141 0
11140 0
11139 0
11138 0
11137 0
11136 0
11135 0
11134 0
11133 0
11132 0
11131 0
11130 0
11129 0
11128 0
11127 0
11126 0
11125 0
11124 0
11123 0
11122 0
11121 0
11120 0
11119 0
11118 0
11117 0
11198 0
11197 0
11196 0
11195 0
11194 0
11193 0
11192 0
11191 0
11214 0
11213 0
11212 0
11211 0
11210 0
11209 0
11208 0
11207 0
11357 0
11356 0
11355 0
11354 0
11353 0
11352 0
11351 0
11534 0
11536 0
11613 0
11612 0
11611 0
11734 0
11733 0
11732 0
12024 0
12105 0
12112 0
12195 0
12194 0
12200 0
12199 0
12198 0
12193 0
12192 0
12238 0
12237 0
12236 0
12235 0
12234 0
12233 0
12232 0
12231 0
12230 0
12229 0
12228 0
12227 0
12226 0
12225 0
12224 0
12223 0
12222 0
12221 0
12220 0
12219 0
12218 0
12217 0
12410 0
12409 0
12408 0
12407 0
12406 0
12405 0
12404 0
12403 0
12402 0
12516 0
12515 0
12514 0
12513 0
12512 0
12511 0
12510 0
12509 0
12508 0
12500 0
12616 0
12615 0
12614 0
12613 0
11025 0
11024 0
11023 0
11022 0
11021 0
11020 0
11019 0
11018 0
11017 0
11052 0
11531 0
11229 0
11228 0
11227 0
11226 0
11225 0
11224 0
11223 0
11342 0
11341 0
11340 0
11368 0
11408 0
11407 0
11406 0
11400 0
11399 0
11398 0
11397 0
11396 0
11395 0
11394 0
11393 0
11392 0
11391 0
11390 0
11427 0
11419 0
11418 0
11417 0
11416 0
11415 0
11414 0
11383 0
11382 0
11469 0
11468 0
11467 0
11466 0
11502 0
11501 0
11500 0
11499 0
11498 0
11497 0
11496 0
11495 0
11494 0
11493 0
11492 0
11491 0
11490 0
11489 0
11488 0
11487 0
11486 0
11485 0
11484 0
11483 0
11482 0
11481 0
11480 0
11479 0
11478 0
11477 0
11476 0
11475 0
11695 0
11694 0
11693 0
11692 0
11691 0
11690 0
11689 0
11688 0
11687 0
11686 0
11685 0
11684 0
11683 0
11682 0
11681 0
11680 0
11679 0
11678 0
11677 0
11676 0
11675 0
11674 0
11673 0
11672 0
11671 0
11670 0
11669 0
11668 0
11667 0
11666 0
11665 0
11664 0
11663 0
11662 0
11661 0
11660 0
11659 0
11658 0
11657 0
11656 0
11655 0
11654 0
11653 0
11652 0
11651 0
11650 0
11649 0
11648 0
11647 0
11646 0
11645 0
11644 0
11643 0
11642 0
11641 0
11640 0
11639 0
11638 0
11637 0
11636 0
11635 0
11634 0
11633 0
11632 0
11631 0
11630 0
11629 0
11628 0
11627 0
11626 0
11625 0
11624 0
11623 0
11622 0
11621 0
11620 0
11619 0
11618 0
11617 0
11610 0
11609 0
11608 0
11607 0
11606 0
11605 0
11604 0
11603 0
11602 0
11601 0
11600 0
11599 0
11598 0
11597 0
11596 0
11595 0
11594 0
11593 0
11592 0
11591 0
11590 0
11589 0
11588 0
11587 0
11586 0
11585 0
11584 0
11583 0
11582 0
11581 0
11580 0
11579 0
11578 0
11577 0
11576 0
12701 0
12700 0
12699 0
12698 0
12697 0
12696 0
12695 0
12694 0
12693 0
12692 0
12691 0
12690 0
12689 0
12688 0
13259 0
13375 0
13407 0
13499 0
13498 0
13497 0
13496 0
13495 0
13494 0
13493 0
13492 0
13491 0
13490 0
13489 0
13488 0
13487 0
13486 0
13485 0
13484 0
13615 0
13614 0
13613 0
13612 0
13611 0
13610 0
13609 0
13758 0
13779 0
13789 0
13788 0
13911 0
13910 0
13909 0
13908 0
13907 0
14034 0
14085 0
14084 0
14083 0
14082 0
14104 0
14138 0
14137 0
14136 0
14135 0
14054 0
14053 0
14052 0
14051 0
14050 0
14049 0
14048 0
14047 0
14046 0
14045 0
14044 0
14043 0
14042 0
14041 0
14040 0
14039 0
14038 0
14037 0
14036 0
14033 0
14032 0
14031 0
14030 0
14029 0
14028 0
14027 0
14026 0
14025 0
14024 0
14023 0
14022 0
14021 0
14020 0
14019 0
14018 0
14060 0
14247 0
14246 0
14425 0
14649 0
14495 0
14494 0
14493 0
14492 0
14491 0
14490 0
14489 0
14488 0
14487 0
14486 0
14485 0
14484 0
14483 0
14482 0
14481 0
14480 0
14479 0
14478 0
14477 0
14476 0
14475 0
14474 0
14473 0
14472 0
14471 0
14470 0
14469 0
14468 0
14467 0
14442 0
14441 0
14440 0
14439 0
14438 0
14437 0
14436 0
14435 0
14434 0
14433 0
14432 0
14431 0
14430 0
14429 0
14428 0
14427 0
14426 0
14465 0
14464 0
14463 0
14462 0
14461 0
14424 0
14423 0
14422 0
14421 0
14420 0
14419 0
14418 0
14417 0
14416 0
14415 0
14414 0
14413 0
14412 0
14411 0
14410 0
14409 0
14408 0
14407 0
14406 0
14405 0
14404 0
14403 0
14402 0
14401 0
14400 0
14399 0
14398 0
14397 0
14396 0
14395 0
14394 0
14393 0
14392 0
14391 0
14390 0
14389 0
14388 0
14387 0
14386 0
14385 0
14384 0
14383 0
14382 0
14381 0
14380 0
14379 0
14378 0
14377 0
14376 0
14375 0
14374 0
14373 0
14372 0
14371 0
14370 0
14369 0
14368 0
14367 0
14366 0
14365 0
14364 0
14363 0
14362 0
14361 0
14360 0
14359 0
14358 0
14357 0
14356 0
14355 0
14354 0
14353 0
14352 0
14351 0
14350 0
14349 0
14348 0
14347 0
14346 0
14345 0
14344 0
14343 0
14342 0
14341 0
14340 0
14339 0
14338 0
14337 0
14336 0
14335 0
14334 0
14333 0
14332 0
14331 0
14330 0
14329 0
14328 0
14327 0
14326 0
14325 0
14324 0
14323 0
14322 0
14321 0
14320 0
14319 0
14318 0
13606 0
13605 0
14942 0
15195 0
15352 0
15390 0
15389 0
15388 0
15387 0
15386 0
15385 0
15384 0
15383 0
15382 0
15381 0
15267 0
15735 0
15734 0
15733 0
15732 0
15731 0
15730 0
15729 0
15728 0
15727 0
15726 0
15725 0
15724 0
15774 0
15773 0
15772 0
15771 0
15770 0
15817 0
15848 0
15847 0
15846 0
15845 0
15844 0
15843 0
15842 0
15948 0
16042 0
16054 0
16153 0
16152 0
16151 0
16150 0
16217 0
16216 0
16215 0
16214 0
16213 0
16212 0
16211 0
16210 0
16209 0
16208 0
16207 0
16255 0
16254 0
16253 0
16252 0
16251 0
16250 0
16249 0
16248 0
16247 0
16336 0
16594 0
16689 0
16688 0
16687 0
16686 0
16685 0
16684 0
16683 0
16682 0
16681 0
16680 0
16679 0
16678 0
16677 0
16676 0
16675 0
16674 0
16673 0
16672 0
16708 0
16707 0
16728 0
16729 0
16730 0
16731 0
16732 0
16733 0
16734 0
16735 0
16736 0
16737 0
16738 0
16739 0
16740 0
16741 0
16742 0
16743 0
16744 0
16845 0
16844 0
16843 0
16842 0
16896 0
17117 0
16903 0
16902 0
17023 0
17022 0
17021 0
17020 0
17019 0
17018 0
17017 0
17016 0
17015 0
17014 0
17013 0
17012 0
17011 0
17010 0
17009 0
17008 0
17007 0
17006 0
17005 0
17004 0
17003 0
17002 0
17001 0
17000 0
16999 0
16998 0
16997 0
16996 0
16995 0
16994 0
16993 0
16992 0
16991 0
16990 0
16989 0
16988 0
16987 0
16986 0
16985 0
16984 0
16983 0
16982 0
16981 0
16980 0
16979 0
16978 0
16977 0
16976 0
16975 0
16974 0
16973 0
16972 0
16971 0
16970 0
16969 0
16968 0
16967 0
16966 0
16965 0
16964 0
16963 0
16962 0
16961 0
16960 0
16959 0
16958 0
16957 0
16956 0
16955 0
16954 0
16953 0
16952 0
16951 0
16950 0
16949 0
16948 0
16947 0
16946 0
16945 0
16944 0
16943 0
16942 0
16941 0
16940 0
16939 0
16938 0
16937 0
16936 0
16935 0
16934 0
16933 0
16932 0
16931 0
16930 0
16929 0
16928 0
16927 0
16926 0
16925 0
16924 0
16923 0
16922 0
16921 0
16920 0
16919 0
16918 0
16917 0
16916 0
16915 0
16914 0
16913 0
16912 0
16911 0
16910 0
16909 0
16908 0
16907 0
16906 0
17036 0
17096 0
17114 0
17113 0
17112 0
17111 0
17110 0
17138 0
17137 0
17136 0
17135 0
17134 0
17133 0
17132 0
17131 0
17526 0
17272 0
17360 0
17681 0
17680 0
17679 0
17678 0
17677 0
17676 0
17675 0
17674 0
17673 0
17672 0
17671 0
17670 0
17669 0
17668 0
17667 0
17666 0
17665 0
17664 0
17663 0
17662 0
17661 0
17660 0
17659 0
17658 0
17657 0
17656 0
17655 0
17654 0
17653 0
17652 0
17651 0
17650 0
17649 0
17648 0
17647 0
17646 0
17645 0
17644 0
17643 0
17642 0
17641 0
17640 0
17639 0
17638 0
17395 0
17394 0
17732 0
17755 0
17825 0
17824 0
17823 0
17913 0
17095 0
17094 0
17093 0
17092 0
17091 0
17090 0
17089 0
17088 0
17087 0
17086 0
17085 0
17084 0
17083 0
17082 0
17081 0
17080 0
17079 0
17078 0
17077 0
17076 0
17075 0
17074 0
17073 0
17072 0
17071 0
17070 0
17069 0
17068 0
17067 0
17066 0
17065 0
17064 0
17063 0
17062 0
17061 0
17060 0
17059 0
17058 0
17057 0
17056 0
17055 0
17504 0
17503 0
17502 0
17501 0
17500 0
17499 0
17498 0
17497 0
17496 0
17495 0
17494 0
17493 0
17492 0
18451 0
18593 0
18599 0
18602 0
18592 0
18591 0
18590 0
18589 0
18588 0
18587 0
18586 0
18585 0
18584 0
18583 0
18582 0
18651 0
18650 0
18649 0
18648 0
18601 0
18600 0
18603 0
18634 0
18632 0
18629 0
18733 0
18732 0
18526 0
18576 0
18758 0
18757 0
18741 0
18740 0
18631 0
18880 0
18481 0
18480 0
18479 0
18656 0
18655 0
18821 0
18820 0
18819 0
18818 0
18817 0
18816 0
18633 0
18849 0
18855 0
18885 0
18691 0
19036 0
18931 0
18930 0
18929 0
18928 0
18927 0
19080 0
19046 0
19063 0
19024 0
19145 0
19191 0
19190 0
19189 0
19188 0
19187 0
19186 0
19185 0
19184 0
19183 0
19182 0
19181 0
19180 0
19179 0
19178 0
19177 0
19500 0
19523 0
19543 0
19542 0
19541 0
19540 0
19539 0
19538 0
19537 0
19536 0
19535 0
19534 0
19533 0
19532 0
19531 0
19530 0
19529 0
19528 0
19527 0
19526 0
19525 0
19522 0
19521 0
19520 0
19519 0
19518 0
19517 0
19516 0
19515 0
19514 0
19513 0
19512 0
19511 0
19510 0
19509 0
19508 0
19507 0
19506 0
19505 0
19504 0
19503 0
19589 0
19502 0
19499 0
19498 0
19497 0
19496 0
19495 0
19612 0
19684 0
19730 0
19764 0
19853 0
19852 0
19851 0
19850 0
19849 0
19848 0
19847 0
19846 0
19845 0
19844 0
19843 0
19842 0
19841 0
19840 0
19839 0
19838 0
19837 0
19836 0
19835 0
19834 0
19833 0
19832 0
19831 0
19830 0
19829 0
19828 0
19827 0
19826 0
19825 0
19824 0
19823 0
19822 0
19821 0
19820 0
19819 0
19818 0
19817 0
19816 0
19815 0
19814 0
19813 0
19812 0
19811 0
19810 0
19809 0
19808 0
19807 0
19806 0
19805 0
19804 0
19803 0
19802 0
19801 0
20210 0
20307 0
20306 0
20305 0
20304 0
20303 0
20302 0
20301 0
20300 0
20299 0
20298 0
20297 0
20296 0
20295 0
20268 0
20267 0
20266 0
20265 0
20264 0
20263 0
20262 0
20261 0
20260 0
20259 0
20258 0
20534 0
20251 0
20250 0
20706 0
20848 0
20847 0
20846 0
20845 0
20844 0
20861 0
20869 0
20868 0
20867 0
20866 0
20890 0
20889 0
20888 0
20887 0
20886 0
21143 0
21142 0
21141 0
21140 0
21139 0
21138 0
21137 0
21136 0
21135 0
21085 0
21084 0
21083 0
21082 0
21081 0
21080 0
21079 0
21078 0
21077 0
21076 0
21075 0
21074 0
21073 0
21072 0
21071 0
21070 0
21069 0
21068 0
21067 0
21066 0
21065 0
21064 0
21063 0
21062 0
21061 0
21060 0
21059 0
21058 0
21057 0
21056 0
21055 0
21054 0
21053 0
21052 0
21051 0
20821 0
20820 0
20819 0
20818 0
20817 0
20816 0
20815 0
21389 0
21401 0
21400 0
21411 0
21410 0
21409 0
21408 0
21407 0
21406 0
21405 0
21404 0
21399 0
21398 0
21397 0
21396 0
21395 0
21394 0
21393 0
21434 0
21433 0
21446 0
21445 0
21450 0
21463 0
21466 0
21444 0
21443 0
21442 0
21441 0
21440 0
21439 0
21438 0
21437 0
21432 0
21431 0
21525 0
21524 0
21523 0
21629 0
21628 0
21627 0
21626 0
21625 0
21750 0
22050 0
22077 0
22076 0
22075 0
22074 0
22073 0
22072 0
22071 0
22070 0
22069 0
22068 0
22067 0
22066 0
22065 0
22164 0
22163 0
22162 0
22161 0
22160 0
22159 0
22034 0
21739 0
21738 0
21737 0
21798 0
21797 0
21796 0
21795 0
21794 0
21793 0
21792 0
21791 0
21790 0
21789 0
21788 0
21787 0
21786 0
21785 0
21784 0
22393 0
22392 0
22391 0
22390 0
22389 0
22388 0
22387 0
22403 0
22402 0
22401 0
22414 0
22496 0
22621 0
22620 0
22619 0
22734 0
22733 0
22732 0
22731 0
22729 0
22728 0
22727 0
22726 0
22725 0
22724 0
22723 0
22722 0
22721 0
22720 0
22719 0
22718 0
22717 0
22919 0
22960 0
22987 0
23092 0
23104 0
23146 0
23145 0
23144 0
23143 0
23142 0
23141 0
23140 0
23139 0
23138 0
23137 0
23136 0
23440 0
23499 0
23333 0
23332 0
23331 0
23330 0
23329 0
23328 0
23327 0
23326 0
23325 0
23391 0
23390 0
23389 0
23388 0
23387 0
23386 0
23385 0
23384 0
23383 0
23382 0
23381 0
23380 0
23379 0
23378 0
23377 0
23376 0
23375 0
23374 0
23373 0
23372 0
23371 0
23370 0
23369 0
23368 0
23367 0
23366 0
23365 0
23364 0
23363 0
23362 0
23361 0
23360 0
23359 0
23358 0
23357 0
23356 0
23355 0
23354 0
23603 0
23608 0
23607 0
23606 0
23605 0
23602 0
23601 0
23600 0
23599 0
23598 0
23597 0
23596 0
23595 0
23594 0
23593 0
23592 0
23591 0
23590 0
23589 0
23588 0
23587 0
23752 0
23942 0
24010 0
24009 0
24295 0
24323 0
24464 0
24463 0
24462 0
24461 0
24471 0
24470 0
24559 0
24558 0
24557 0
24556 0
24555 0
24647 0
24646 0
24645 0
24644 0
24643 0
24642 0
24641 0
24640 0
24639 0
24638 0
24637 0
24636 0
24635 0
24634 0
24633 0
24632 0
24631 0
24415 0
24414 0
24413 0
24412 0
24411 0
24410 0
24409 0
24408 0
24407 0
24406 0
24405 0
24404 0
24403 0
24402 0
24401 0
24400 0
24399 0
24431 0
24430 0
24429 0
24428 0
24427 0
24426 0
24425 0
24424 0
24423 0
24863 0
24862 0
24861 0
24509 0
24508 0
24507 0
24506 0
24505 0
24741 0
24740 0
24739 0
24738 0
24737 0
24736 0
24735 0
24734 0
24733 0
24732 0
24731 0
24730 0
24729 0
24728 0
24727 0
24726 0
24725 0
24724 0
24723 0
24722 0
24721 0
24720 0
24719 0
24718 0
24717 0
24716 0
24715 0
24714 0
24713 0
24712 0
24711 0
24710 0
24709 0
24708 0
24707 0
24706 0
24705 0
24704 0
24703 0
24702 0
24701 0
24700 0
24699 0
24654 0
24653 0
24652 0
24651 0
24650 0
24649 0
24648 0
24697 0
24696 0
24695 0
24694 0
24693 0
24692 0
24691 0
24690 0
24689 0
24688 0
24687 0
24686 0
24685 0
24684 0
24683 0
24682 0
24681 0
24680 0
24679 0
24678 0
24677 0
24676 0
24675 0
24630 0
24629 0
24628 0
24627 0
24626 0
24625 0
24624 0
24623 0
24622 0
24621 0
24620 0
24619 0
24618 0
24617 0
24616 0
24615 0
24614 0
24613 0
24612 0
24611 0
24610 0
24609 0
24608 0
24607 0
24606 0
24605 0
24604 0
24603 0
24602 0
24601 0
24600 0
23324 0
23323 0
23322 0
23321 0
23320 0
23319 0
23318 0
23317 0
23316 0
23315 0
23314 0
23313 0
23312 0
23311 0
23310 0
23309 0
23308 0
23307 0
23306 0
23305 0
23304 0
23303 0
23302 0
23301 0
23300 0
23299 0
23298 0
23297 0
23296 0
23295 0
23294 0
23293 0
23292 0
23291 0
23290 0
23289 0
23288 0
23287 0
23286 0
23285 0
23284 0
23283 0
23282 0
23281 0
23280 0
23279 0
23278 0
23277 0
23276 0
23275 0
23274 0
23273 0
23272 0
23271 0
23270 0
23269 0
23268 0
23267 0
23266 0
23265 0
23264 0
23263 0
23262 0
23261 0
23260 0
23259 0
23258 0
23257 0
23256 0
23255 0
23254 0
23253 0
23252 0
23251 0
23250 0
23249 0
23219 0
23218 0
23217 0
23216 0
23215 0
23214 0
23213 0
23212 0
23211 0
23210 0
23209 0
23208 0
23207 0
23206 0
23205 0
23204 0
23203 0
23202 0
23201 0
23200 0
23199 0
23198 0
23197 0
23196 0
23195 0
23194 0
23193 0
23192 0
23191 0
23190 0
23189 0
23188 0
23187 0
23186 0
23185 0
23184 0
23183 0
23182 0
23181 0
23180 0
23179 0
23178 0
23177 0
23161 0
23160 0
23159 0
23175 0
23174 0
23158 0
23157 0
23156 0
23155 0
23154 0
23153 0
23172 0
23171 0
23170 0
23169 0
23168 0
23167 0
23166 0
23165 0
23164 0
23152 0
23151 0
23150 0
23149 0
23148 0
23147 0
23247 0
23246 0
23245 0
23244 0
23243 0
23242 0
23241 0
23240 0
23239 0
23135 0
23134 0
23133 0
23132 0
23131 0
23130 0
23129 0
23128 0
23127 0
23126 0
23125 0
23124 0
23123 0
23122 0
23121 0
23120 0
23119 0
23118 0
23117 0
23116 0
23115 0
23114 0
23113 0
23112 0
23111 0
23110 0
23109 0
23108 0
23107 0
23106 0
23103 0
23102 0
23101 0
23100 0
23099 0
23098 0
23097 0
23096 0
23095 0
23094 0
23091 0
23090 0
23089 0
23088 0
23087 0
23086 0
23085 0
23084 0
23083 0
23082 0
23081 0
23080 0
23079 0
23078 0
23077 0
23076 0
23075 0
23074 0
23073 0
23072 0
23071 0
23070 0
23069 0
23068 0
23067 0
23066 0
23065 0
23064 0
23063 0
23062 0
23061 0
23060 0
23059 0
23058 0
23057 0
23056 0
25367 0
25366 0
25365 0
25364 0
25363 0
25362 0
25361 0
25360 0
25436 0
25435 0
25434 0
25433 0
25432 0
25431 0
25448 0
25447 0
25446 0
25445 0
25444 0
25443 0
25770 0
25769 0
25768 0
25767 0
25766 0
25765 0
25764 0
25763 0
25762 0
25761 0
25760 0
25759 0
25758 0
25757 0
25756 0
25755 0
25754 0
25753 0
25752 0
25751 0
25750 0
25749 0
25748 0
25747 0
25746 0
25745 0
25744 0
25708 0
25707 0
25867 0
25878 0
25877 0
25889 0
25888 0
25887 0
25952 0
25951 0
26037 0
26049 0
26048 0
26047 0
26046 0
26225 0
25999 0
25998 0
25997 0
25996 0
25995 0
25994 0
25993 0
25992 0
25991 0
25990 0
26273 0
26272 0
26271 0
26270 0
26462 0
23053 0
23052 0
23051 0
23050 0
23049 0
23048 0
23047 0
23046 0
23045 0
23044 0
23043 0
23042 0
23041 0
23040 0
23039 0
23038 0
23037 0
23036 0
23035 0
23034 0
23033 0
23032 0
23031 0
23030 0
23029 0
23028 0
23027 0
23026 0
23025 0
23024 0
23023 0
23022 0
23021 0
23020 0
23019 0
23018 0
23017 0
23016 0
23015 0
23014 0
23013 0
23012 0
23011 0
23010 0
23009 0
23008 0
23007 0
23006 0
23005 0
23004 0
23003 0
23002 0
23001 0
23000 0
22999 0
22998 0
22997 0
22996 0
22995 0
22994 0
22993 0
22992 0
22991 0
22990 0
22989 0
22986 0
22985 0
22984 0
22983 0
22982 0
22981 0
22980 0
22979 0
22978 0
22977 0
22976 0
22975 0
22974 0
22973 0
22972 0
22971 0
22970 0
22969 0
22968 0
22967 0
22966 0
22965 0
22964 0
22963 0
22962 0
22959 0
22958 0
22957 0
22956 0
22955 0
22954 0
22953 0
22952 0
22951 0
22950 0
22949 0
22948 0
22947 0
22946 0
22945 0
22944 0
22943 0
22942 0
22941 0
22940 0
22939 0
22938 0
22937 0
22936 0
22935 0
22934 0
22933 0
22932 0
22931 0
22930 0
22929 0
22928 0
22927 0
22926 0
22925 0
22924 0
22923 0
22922 0
22921 0
22918 0
22917 0
22916 0
22915 0
22914 0
22913 0
22912 0
22911 0
22910 0
22909 0
22908 0
22907 0
22906 0
22905 0
26255 0
26254 0
26253 0
26252 0
26251 0
26250 0
26249 0
26247 0
26246 0
26245 0
26244 0
26243 0
26242 0
26241 0
26240 0
26239 0
26238 0
26237 0
26236 0
26235 0
26234 0
26233 0
26232 0
26231 0
26230 0
26229 0
26228 0
26227 0
26223 0
26216 0
26215 0
26214 0
26213 0
26212 0
26211 0
26817 0
26816 0
26815 0
26814 0
26813 0
26812 0
26838 0
27018 0
27024 0
27023 0
27063 0
27062 0
27061 0
27060 0
27059 0
27058 0
27200 0
27235 0
27233 0
27319 0
27318 0
27473 0
27472 0
27510 0
27509 0
27508 0
27507 0
27506 0
27505 0
27495 0
27494 0
27493 0
27492 0
27491 0
27490 0
27484 0
27483 0
27482 0
27481 0
27480 0
27479 0
27478 0
27488 0
27487 0
27477 0
27476 0
27471 0
27470 0
27469 0
27468 0
27372 0
27371 0
27593 0
27592 0
27591 0
27590 0
27589 0
27588 0
27587 0
27639 0
27830 0
27829 0
27843 0
27842 0
27841 0
27840 0
27864 0
27863 0
27862 0
27861 0
27860 0
27859 0
27858 0
27857 0
27856 0
27855 0
28088 0
28127 0
27854 0
28099 0
28098 0
28097 0
28096 0
28095 0
28094 0
28156 0
28155 0
28154 0
28153 0
28152 0
28208 0
28207 0
28247 0
28246 0
28245 0
28244 0
28243 0
28426 0
28425 0
28424 0
28423 0
28422 0
28503 0
28502 0
28501 0
28500 0
28499 0
28513 0
28622 0
28621 0
28620 0
28619 0
28618 0
28617 0
28616 0
28748 0
28765 0
28841 0
28840 0
28879 0
28878 0
28877 0
28876 0
28914 0
28941 0
28943 0
28461 0
28460 0
28459 0
28458 0
28457 0
28456 0
28455 0
28454 0
28453 0
28452 0
28451 0
28450 0
28449 0
28448 0
28447 0
28446 0
28650 0
28649 0
28648 0
28647 0
28646 0
28645 0
28644 0
28643 0
28642 0
28641 0
28640 0
28639 0
28638 0
28637 0
28636 0
28635 0
28634 0
28633 0
28632 0
28631 0
28630 0
28615 0
28614 0
28613 0
28612 0
28611 0
28610 0
28609 0
28608 0
28607 0
28606 0
28605 0
28604 0
28603 0
28602 0
28601 0
28600 0
28599 0
28598 0
28597 0
28596 0
28595 0
28594 0
28593 0
28592 0
28591 0
28590 0
28589 0
28588 0
28587 0
28586 0
28585 0
28584 0
28583 0
28582 0
28581 0
28580 0
28579 0
28578 0
28577 0
28576 0
28575 0
28574 0
28573 0
28572 0
28656 0
28657 0
28658 0
28659 0
28660 0
28661 0
28662 0
28663 0
28664 0
28665 0
28666 0
28667 0
28668 0
28669 0
28670 0
28671 0
28672 0
28673 0
28674 0
28675 0
28676 0
28677 0
28678 0
28679 0
28680 0
28681 0
28682 0
28683 0
28684 0
28685 0
28686 0
28687 0
28688 0
28689 0
28690 0
28691 0
28692 0
28693 0
28694 0
28695 0
28696 0
28697 0
28698 0
28699 0
28700 0
28701 0
28702 0
28703 0
28704 0
28705 0
28706 0
28707 0
28708 0
28709 0
28710 0
28711 0
28712 0
28713 0
28714 0
28715 0
28716 0
28717 0
28718 0
28719 0
28720 0
28721 0
28722 0
28723 0
28724 0
28725 0
28726 0
29246 0
29245 0
29244 0
29381 0
29380 0
29379 0
29378 0
28267 0
29573 0
29572 0
29571 0
29570 0
29569 0
29568 0
29567 0
29566 0
29621 0
29620 0
29619 0
29618 0
29617 0
29670 0
29747 0
26833 0
26834 0
26835 0
26836 0
26837 0
26846 0
26847 0
26848 0
26849 0
26850 0
26851 0
26852 0
26853 0
26854 0
26855 0
26856 0
26839 0
26840 0
26859 0
26860 0
26861 0
26862 0
26863 0
26920 0
26864 0
26865 0
26866 0
26867 0
26868 0
26869 0
26870 0
26871 0
26872 0
26873 0
26874 0
26883 0
26875 0
26876 0
26877 0
26878 0
26888 0
26889 0
26890 0
26891 0
26892 0
26893 0
26894 0
26895 0
26896 0
26897 0
26898 0
26899 0
26900 0
26901 0
26902 0
26903 0
26904 0
26905 0
26906 0
26907 0
26910 0
26908 0
26841 0
26922 0
26923 0
26924 0
26925 0
26926 0
26927 0
26928 0
26929 0
26930 0
26931 0
26932 0
26933 0
26934 0
26935 0
26936 0
26937 0
26938 0
26939 0
26940 0
26941 0
26942 0
26943 0
26944 0
26945 0
26946 0
26947 0
26948 0
26949 0
26950 0
26951 0
26952 0
26953 0
26954 0
26955 0
26956 0
26957 0
26958 0
26959 0
26960 0
26961 0
26962 0
26963 0
26964 0
26965 0
26966 0
26967 0
26968 0
26969 0
26970 0
26971 0
26972 0
26973 0
26974 0
26975 0
26976 0
26977 0
26978 0
26979 0
26980 0
26981 0
26982 0
26983 0
26984 0
26985 0
26986 0
26987 0
26988 0
26989 0
26990 0
26991 0
26992 0
26993 0
26994 0
26995 0
26996 0
26997 0
26998 0
26999 0
27000 0
27001 0
27002 0
27003 0
27004 0
27005 0
27006 0
27007 0
27008 0
27009 0
27010 0
27011 0
27012 0
27013 0
27014 0
27015 0
27016 0
27017 0
27020 0
27021 0
27022 0
27027 0
27028 0
27029 0
27030 0
27031 0
27032 0
27033 0
27034 0
27035 0
27036 0
27037 0
27038 0
27039 0
27040 0
27041 0
27042 0
27043 0
27044 0
27045 0
27046 0
27047 0
27048 0
27049 0
27050 0
27051 0
27052 0
27053 0
27054 0
27055 0
27056 0
27057 0
27124 0
27125 0
27126 0
27127 0
27128 0
27129 0
27130 0
27131 0
27132 0
27133 0
27064 0
27065 0
27066 0
27067 0
27068 0
27069 0
27070 0
27071 0
27072 0
27073 0
27074 0
27075 0
27076 0
27077 0
27078 0
27079 0
27080 0
27081 0
27082 0
27083 0
27084 0
27085 0
27086 0
27087 0
27088 0
27089 0
27090 0
27091 0
27092 0
27093 0
27094 0
27095 0
27096 0
27097 0
27098 0
27099 0
27100 0
27101 0
27102 0
27103 0
27104 0
27105 0
27106 0
27107 0
27135 0
27136 0
27137 0
27138 0
27139 0
27140 0
27141 0
27142 0
27143 0
27144 0
27145 0
27146 0
27147 0
27148 0
27149 0
27150 0
27151 0
27152 0
27153 0
27154 0
27155 0
27156 0
27157 0
27158 0
27159 0
27160 0
27161 0
27162 0
27163 0
27164 0
27165 0
27166 0
27167 0
27168 0
27169 0
27170 0
27171 0
27172 0
27173 0
27174 0
27175 0
27176 0
27177 0
27178 0
27179 0
27180 0
27181 0
27182 0
27183 0
27184 0
27185 0
27186 0
27208 0
27209 0
27210 0
27211 0
27212 0
27213 0
27214 0
27215 0
27216 0
27217 0
27218 0
27219 0
27220 0
27221 0
27187 0
27188 0
27189 0
27190 0
27191 0
27192 0
27193 0
27194 0
27195 0
27196 0
27197 0
27198 0
27199 0
27202 0
27203 0
23054 0
23055 0
23493 0
23494 0
23495 0
23496 0
23497 0
23498 0
23501 0
23502 0
23503 0
23504 0
23505 0
23506 0
23507 0
23508 0
23509 0
23510 0
23511 0
23523 0
23524 0
23525 0
23526 0
23527 0
23528 0
23529 0
23530 0
23531 0
23334 0
23335 0
23336 0
23337 0
23338 0
23339 0
23340 0
23341 0
23342 0
23343 0
23344 0
23345 0
23346 0
23347 0
23348 0
23349 0
23350 0
23351 0
23352 0
23353 0
23392 0
23393 0
23394 0
23395 0
23396 0
23397 0
23398 0
23399 0
23400 0
23401 0
23402 0
23403 0
23404 0
23405 0
23406 0
23407 0
23408 0
23409 0
23410 0
23411 0
23412 0
23413 0
23414 0
23415 0
23416 0
23417 0
23418 0
23419 0
23420 0
23421 0
23422 0
23423 0
23424 0
23425 0
23426 0
23427 0
23428 0
23429 0
23430 0
23431 0
23432 0
23433 0
23434 0
23435 0
23436 0
23437 0
23438 0
23439 0
23442 0
23443 0
23444 0
23445 0
23446 0
23447 0
23448 0
23449 0
23450 0
23451 0
23452 0
23453 0
23454 0
23455 0
23456 0
23457 0
23458 0
23459 0
23460 0
23461 0
23462 0
23463 0
23464 0
23465 0
23466 0
23467 0
23468 0
23469 0
23470 0
23471 0
23472 0
23473 0
23474 0
23475 0
23476 0
23477 0
23478 0
23479 0
23480 0
23481 0
23482 0
23483 0
23484 0
23485 0
23486 0
23487 0
23488 0
23586 0
23629 0
23630 0
23631 0
23632 0
23633 0
23634 0
23635 0
23636 0
23637 0
23638 0
23639 0
23640 0
23641 0
23642 0
23643 0
23644 0
23645 0
23646 0
23647 0
23648 0
23649 0
23650 0
23651 0
23652 0
23653 0
23654 0
23655 0
23656 0
23657 0
23658 0
23659 0
23660 0
23661 0
23662 0
23663 0
23664 0
23665 0
23666 0
23667 0
23668 0
23669 0
23670 0
23671 0
23672 0
23673 0
23674 0
23675 0
23676 0
23679 0
23680 0
23681 0
23682 0
23683 0
23684 0
23685 0
23686 0
23687 0
23688 0
23689 0
23690 0
23691 0
23692 0
23693 0
23694 0
23695 0
23696 0
23697 0
23698 0
23699 0
23700 0
23701 0
23702 0
23703 0
23704 0
23705 0
23706 0
23707 0
23708 0
23709 0
23710 0
23711 0
23712 0
23713 0
23714 0
23715 0
23716 0
23717 0
23718 0
23719 0
23720 0
23721 0
23722 0
23723 0
23724 0
23725 0
23726 0
23727 0
23728 0
23729 0
23730 0
23731 0
23732 0
23733 0
23734 0
23735 0
23677 0
23745 0
23746 0
23747 0
23748 0
23749 0
23750 0
23751 0
23754 0
23755 0
23756 0
23778 0
23779 0
23780 0
23781 0
23782 0
23783 0
23784 0
23785 0
23757 0
23758 0
23759 0
23760 0
23761 0
23762 0
23763 0
23764 0
23765 0
23766 0
23767 0
23768 0
23769 0
23770 0
23771 0
23772 0
23787 0
23788 0
23789 0
23790 0
23791 0
23792 0
23793 0
23794 0
23795 0
23796 0
23797 0
23798 0
23799 0
23800 0
23801 0
23802 0
23803 0
23804 0
23805 0
23806 0
23807 0
23808 0
23809 0
23810 0
23811 0
23812 0
23813 0
23814 0
23815 0
23816 0
23817 0
23818 0
23819 0
23820 0
23821 0
23822 0
23823 0
23824 0
23825 0
23826 0
23827 0
23828 0
23829 0
23830 0
23831 0
23832 0
23833 0
23834 0
23835 0
23836 0
23837 0
23838 0
23839 0
23840 0
23841 0
23842 0
23843 0
23844 0
23845 0
23846 0
23847 0
23848 0
23849 0
23850 0
23851 0
23852 0
23853 0
23854 0
23855 0
23856 0
23857 0
23858 0
23859 0
23860 0
23861 0
23862 0
23863 0
23864 0
23865 0
23866 0
23867 0
23868 0
23869 0
23870 0
23871 0
23872 0
23873 0
23874 0
23875 0
23876 0
23877 0
23878 0
23879 0
23880 0
23881 0
23882 0
23883 0
23884 0
23885 0
23886 0
23887 0
23888 0
23889 0
23890 0
23891 0
23892 0
23893 0
23894 0
23895 0
23896 0
23897 0
23898 0
23899 0
23900 0
23901 0
23902 0
23903 0
23904 0
23905 0
23906 0
23907 0
23908 0
23909 0
23910 0
23911 0
23912 0
23913 0
23914 0
23915 0
23916 0
23917 0
23918 0
23919 0
23920 0
23921 0
23922 0
23923 0
23924 0
23925 0
23926 0
23927 0
23928 0
23929 0
23930 0
23931 0
23932 0
23933 0
23934 0
23935 0
23936 0
23937 0
23938 0
23939 0
23940 0
23941 0
23944 0
23945 0
23946 0
23947 0
23948 0
23949 0
23950 0
23951 0
23952 0
23953 0
23954 0
23955 0
23956 0
23957 0
23958 0
23959 0
23960 0
23961 0
23962 0
23963 0
23964 0
23965 0
23966 0
23967 0
23968 0
23969 0
23970 0
23971 0
23972 0
23973 0
23974 0
23975 0
23976 0
23977 0
23978 0
23979 0
23980 0
23981 0
23982 0
23983 0
23984 0
23985 0
23986 0
23987 0
23988 0
23989 0
23990 0
23991 0
23992 0
23993 0
23994 0
23995 0
23996 0
23997 0
23998 0
23999 0
24000 0
24001 0
24002 0
24003 0
24004 0
24005 0
24006 0
24007 0
24008 0
24013 0
24014 0
24015 0
24016 0
24017 0
24018 0
24019 0
24020 0
24021 0
24022 0
24023 0
24024 0
24025 0
24026 0
24027 0
24028 0
24029 0
24030 0
24031 0
24032 0
24033 0
24034 0
24035 0
24036 0
24037 0
24038 0
24039 0
24040 0
24041 0
24042 0
24043 0
24044 0
24045 0
24046 0
24047 0
24048 0
24049 0
24050 0
24051 0
24052 0
24053 0
24054 0
24055 0
24056 0
24057 0
24058 0
24059 0
24060 0
24061 0
24062 0
24063 0
24064 0
24065 0
24066 0
24067 0
24068 0
24069 0
24070 0
24071 0
24072 0
24073 0
24074 0
24075 0
24076 0
24077 0
24078 0
24079 0
24080 0
24081 0
24082 0
24083 0
24084 0
24085 0
24086 0
24087 0
24088 0
24089 0
24090 0
24091 0
24092 0
24093 0
24094 0
24095 0
24096 0
24097 0
24098 0
24099 0
24100 0
24101 0
24102 0
24103 0
24104 0
24105 0
24106 0
24107 0
24108 0
24109 0
24110 0
24111 0
24112 0
24113 0
24114 0
24115 0
24116 0
24117 0
24118 0
24119 0
32210 0
32374 0
32373 0
32377 0
32378 0
32379 0
32380 0
32381 0
32382 0
32383 0
32384 0
32385 0
32386 0
32774 0
32773 0
32772 0
32771 0
32770 0
32769 0
32525 0
32524 0
32523 0
32522 0
32521 0
32520 0
32519 0
32518 0
32517 0
32516 0
32515 0
32514 0
32513 0
32512 0
32511 0
32510 0
32509 0
32508 0
32507 0
32952 0
32951 0
33009 0
33008 0
33007 0
33006 0
33005 0
33004 0
33003 0
33002 0
33001 0
33000 0
32999 0
32998 0
32997 0
32996 0
32995 0
32994 0
32993 0
32992 0
33202 0
33249 0
33319 0
33318 0
33317 0
33316 0
33315 0
33314 0
33313 0
33312 0
33311 0
33310 0
33309 0
33308 0
33307 0
33306 0
33305 0
33469 0
33468 0
33221 0
33450 0
33449 0
33448 0
33447 0
33384 0
33383 0
33382 0
33381 0
33659 0
33658 0
33657 0
33656 0
33676 0
33677 0
33678 0
33679 0
32946 0
32945 0
32944 0
32943 0
32942 0
32941 0
32940 0
32939 0
32938 0
32937 0
32936 0
32935 0
32934 0
32933 0
32932 0
33107 0
32931 0
32930 0
32929 0
32928 0
32927 0
32926 0
32925 0
32924 0
32923 0
32922 0
32921 0
32920 0
32919 0
32918 0
32917 0
32916 0
32915 0
32914 0
32913 0
32912 0
33706 0
32911 0
33050 0
33049 0
33048 0
33047 0
33046 0
33045 0
33044 0
33043 0
33042 0
33041 0
33040 0
33039 0
33038 0
33037 0
33036 0
33035 0
33034 0
33033 0
33032 0
33031 0
33030 0
33029 0
33028 0
32991 0
32990 0
32989 0
32988 0
32987 0
32986 0
32985 0
32984 0
32983 0
32982 0
32981 0
32980 0
32979 0
32978 0
32977 0
32976 0
32975 0
32974 0
32973 0
32972 0
32971 0
32970 0
32969 0
32968 0
32967 0
32966 0
32965 0
32964 0
32963 0
32962 0
32961 0
32960 0
32959 0
32958 0
32957 0
32956 0
32955 0
32950 0
2074 0
32644 0
32645 0
32646 0
32647 0
32648 0
32649 0
32650 0
32651 0
33842 0
32767 0
32766 0
32765 0
32764 0
33265 0
33976 0
33392 0
33833 0
33834 0
33835 0
33836 0
33837 0
33838 0
33839 0
33840 0
33841 0
33844 0
34109 0
34216 0
32810 0
32787 0
32786 0
32785 0
32784 0
32783 0
32782 0
32781 0
32768 0
33952 0
33951 0
33950 0
33949 0
32763 0
32762 0
32761 0
32760 0
32759 0
32758 0
32811 0
32812 0
32813 0
32814 0
32815 0
33971 0
33970 0
33264 0
33981 0
33980 0
33391 0
33296 0
33295 0
33297 0
33298 0
33299 0
33300 0
33301 0
33457 0
33488 0
33487 0
33486 0
33485 0
33484 0
33483 0
33482 0
33481 0
33480 0
33479 0
33478 0
33477 0
34494 0
34754 0
34455 0
34454 0
34453 0
34452 0
34467 0
34463 0
34462 0
34667 0
34666 0
34665 0
34664 0
34837 0
34836 0
34835 0
34834 0
33222 0
34431 0
34430 0
34429 0
33220 0
33219 0
33218 0
33217 0
33216 0
33215 0
33214 0
33213 0
33212 0
33211 0
33210 0
33209 0
33208 0
33207 0
33206 0
33205 0
33204 0
33201 0
32823 0
32822 0
32821 0
32820 0
32819 0
32818 0
32817 0
32816 0
34559 0
34558 0
34557 0
34556 0
34555 0
34554 0
34553 0
34552 0
34551 0
34550 0
34549 0
34548 0
34547 0
34546 0
34545 0
34544 0
34543 0
34542 0
34541 0
34540 0
34539 0
34538 0
34537 0
34536 0
34535 0
34534 0
34533 0
34532 0
34531 0
34530 0
35230 0
35211 0
35261 0
35260 0
35285 0
35318 0
34901 0
35589 0
35588 0
35587 0
35586 0
35585 0
35584 0
35604 0
35603 0
35602 0
35601 0
35600 0
35599 0
35598 0
35597 0
35596 0
35583 0
34687 0
34686 0
34685 0
35680 0
35774 0
35773 0
35772 0
35857 0
35856 0
35846 0
35632 0
35631 0
35630 0
35245 0
36215 0
36213 0
36212 0
36211 0
36202 0
36200 0
36199 0
36198 0
36324 0
36323 0
36304 0
36441 0
36463 0
35711 0
35710 0
35709 0
35708 0
35707 0
35706 0
35705 0
35704 0
35703 0
35702 0
35701 0
35700 0
35699 0
35698 0
35697 0
35696 0
35695 0
35694 0
35727 0
35726 0
35725 0
35724 0
35723 0
35722 0
35721 0
35720 0
35719 0
35718 0
35717 0
35716 0
35715 0
35714 0
36334 0
36333 0
36332 0
36331 0
36330 0
35778 0
36456 0
36687 0
36686 0
36685 0
36684 0
36683 0
36682 0
35779 0
35780 0
35781 0
35782 0
35732 0
35733 0
35734 0
35735 0
35766 0
35767 0
35768 0
35769 0
35891 0
35892 0
35893 0
35898 0
36763 0
36701 0
36700 0
36699 0
36698 0
36697 0
36696 0
36695 0
36804 0
36271 0
36270 0
36269 0
36268 0
34582 0
34883 0
36988 0
33245 0
37150 0
37149 0
37148 0
37147 0
37146 0
37145 0
37144 0
37143 0
37142 0
37141 0
37140 0
37139 0
37138 0
37137 0
37136 0
37135 0
37134 0
37133 0
37132 0
37131 0
37130 0
37129 0
37128 0
37127 0
37264 0
37280 0
37366 0
37365 0
37364 0
37363 0
37362 0
37361 0
37360 0
37359 0
37358 0
37357 0
37356 0
37355 0
37416 0
37415 0
37414 0
37413 0
37412 0
37411 0
37410 0
37409 0
37408 0
37407 0
37406 0
37405 0
37404 0
37403 0
37402 0
37401 0
37400 0
37450 0
37392 0
37391 0
37390 0
37389 0
37388 0
37387 0
37386 0
37385 0
37384 0
37383 0
37382 0
37381 0
37380 0
37379 0
37461 0
37460 0
37459 0
37458 0
37457 0
37456 0
37455 0
37454 0
37453 0
37452 0
37451 0
37449 0
37448 0
37447 0
37446 0
37445 0
37444 0
37443 0
37442 0
37441 0
37440 0
37439 0
37438 0
37437 0
37436 0
37435 0
37680 0
37781 0
37497 0
37496 0
37495 0
37494 0
37493 0
37492 0
37491 0
37490 0
37489 0
37488 0
37487 0
37486 0
37485 0
37484 0
37483 0
37354 0
37698 0
37697 0
37696 0
37695 0
37694 0
37693 0
37692 0
37691 0
37690 0
37689 0
37688 0
37687 0
37678 0
37677 0
37676 0
37675 0
37674 0
37673 0
37672 0
37671 0
37670 0
37669 0
37668 0
37667 0
37666 0
37665 0
37664 0
37663 0
37662 0
37661 0
37660 0
37659 0
37933 0
37932 0
37931 0
37956 0
37955 0
37998 0
38119 0
38118 0
38117 0
38116 0
38115 0
38114 0
38335 0
38334 0
38333 0
38332 0
38331 0
38330 0
38368 0
38367 0
38366 0
37793 0
37792 0
37791 0
37790 0
37789 0
37788 0
37787 0
37786 0
37785 0
37784 0
37783 0
37780 0
37779 0
37778 0
37777 0
37776 0
38505 0
37840 0
37839 0
37838 0
37837 0
37836 0
37835 0
37834 0
37833 0
37832 0
37831 0
37830 0
37829 0
37828 0
37827 0
38549 0
38607 0
38693 0
38692 0
38691 0
38745 0
38789 0
38810 0
38864 0
38945 0
39027 0
39026 0
39025 0
39024 0
39023 0
39022 0
39021 0
39001 0
39068 0
39067 0
39139 0
39155 0
39154 0
39153 0
39233 0
38879 0
38878 0
38877 0
39079 0
39078 0
39077 0
39076 0
39075 0
39074 0
39109 0
39108 0
39107 0
39106 0
39105 0
39104 0
37651 0
37650 0
37649 0
37648 0
37647 0
37646 0
38553 0
38677 0
38676 0
38675 0
38674 0
38673 0
38672 0
38671 0
38670 0
38669 0
38668 0
38667 0
38666 0
38665 0
38664 0
38663 0
38662 0
38661 0
38660 0
38659 0
38658 0
38657 0
38656 0
38655 0
38654 0
38653 0
38652 0
38651 0
38650 0
38649 0
38648 0
38647 0
38646 0
38645 0
38644 0
38643 0
38642 0
38641 0
38640 0
38639 0
38638 0
38637 0
38636 0
38635 0
38634 0
38633 0
38632 0
38631 0
38630 0
38629 0
38628 0
38627 0
38626 0
38625 0
38624 0
38623 0
38622 0
38621 0
38620 0
38619 0
38618 0
38612 0
38611 0
38610 0
38609 0
38608 0
38616 0
38606 0
38605 0
38604 0
38603 0
38602 0
38601 0
38600 0
38599 0
38598 0
38597 0
38596 0
38595 0
38594 0
38593 0
38592 0
38591 0
38590 0
38589 0
38588 0
38587 0
38586 0
38585 0
38584 0
38552 0
38551 0
38694 0
38700 0
38699 0
38690 0
38689 0
38688 0
38687 0
38686 0
38685 0
38684 0
38683 0
38682 0
38548 0
38547 0
38546 0
38545 0
38544 0
38543 0
38542 0
38541 0
38540 0
38539 0
38538 0
38537 0
37686 0
38554 0
38555 0
38556 0
38557 0
38558 0
38559 0
38560 0
38561 0
38562 0
38563 0
38564 0
38565 0
38566 0
38567 0
38568 0
38569 0
38570 0
38571 0
38572 0
38573 0
38574 0
38575 0
38576 0
38577 0
38578 0
38579 0
38580 0
38581 0
38582 0
37775 0
38490 0
38491 0
38492 0
38493 0
38494 0
38495 0
38496 0
38497 0
38498 0
38499 0
38500 0
38501 0
38502 0
38503 0
38504 0
38518 0
38506 0
38507 0
38508 0
38509 0
38510 0
38511 0
38512 0
38513 0
38514 0
38515 0
39745 0
39744 0
39743 0
39850 0
39849 0
39887 0
39886 0
39885 0
39884 0
39825 0
39826 0
40053 0
40363 0
40362 0
40462 0
39820 0
39819 0
39818 0
39817 0
39816 0
39815 0
39814 0
39813 0
39812 0
39811 0
39810 0
39809 0
39808 0
39807 0
39806 0
39805 0
40190 0
40189 0
40188 0
40187 0
40186 0
40185 0
40184 0
40183 0
40182 0
40181 0
40180 0
40179 0
40178 0
40177 0
40176 0
40175 0
40174 0
40173 0
40172 0
40171 0
40170 0
40169 0
40168 0
40167 0
40166 0
40165 0
40164 0
40163 0
40162 0
40161 0
40160 0
40159 0
40158 0
40157 0
40156 0
40155 0
40154 0
40153 0
40152 0
40151 0
40150 0
40149 0
40148 0
40147 0
40146 0
40145 0
40144 0
40143 0
40142 0
40141 0
40140 0
40139 0
40138 0
40137 0
40136 0
40135 0
40134 0
40133 0
40132 0
40131 0
40130 0
40129 0
40128 0
40127 0
40126 0
40125 0
40124 0
40123 0
40122 0
40121 0
40120 0
40119 0
40118 0
40117 0
40116 0
40115 0
40114 0
40113 0
40112 0
40111 0
40110 0
40109 0
40108 0
40107 0
40106 0
40105 0
40104 0
40103 0
40102 0
40101 0
40100 0
40099 0
40098 0
40097 0
40096 0
40095 0
40094 0
40093 0
40092 0
40091 0
40090 0
40089 0
40088 0
40087 0
40086 0
40085 0
40084 0
40083 0
40082 0
40081 0
40080 0
40079 0
40078 0
40077 0
40076 0
40075 0
40074 0
40073 0
40072 0
40071 0
40070 0
40069 0
40068 0
40067 0
40066 0
40065 0
40064 0
40063 0
40062 0
40061 0
40060 0
40059 0
40058 0
40057 0
40056 0
40055 0
40052 0
40051 0
40050 0
40049 0
40048 0
40047 0
40046 0
40045 0
40044 0
40043 0
40042 0
40041 0
40040 0
40039 0
40038 0
40037 0
40036 0
40035 0
40034 0
40033 0
40032 0
40031 0
40030 0
40029 0
40028 0
40027 0
40026 0
40025 0
39894 0
39893 0
39892 0
39883 0
39882 0
39881 0
39880 0
39879 0
39878 0
39877 0
39876 0
39875 0
39874 0
39873 0
39872 0
39871 0
39870 0
39869 0
39868 0
39867 0
39866 0
39865 0
39864 0
39863 0
39862 0
39861 0
39860 0
39859 0
39858 0
39842 0
39841 0
39840 0
39839 0
39838 0
39837 0
39836 0
39835 0
39834 0
39833 0
39832 0
39831 0
39830 0
39829 0
39828 0
39827 0
39966 0
39824 0
39823 0
40022 0
40021 0
40020 0
40019 0
40018 0
40017 0
40016 0
40015 0
40014 0
40013 0
40012 0
40011 0
40010 0
40009 0
40008 0
40007 0
40006 0
40005 0
40004 0
40003 0
40002 0
40001 0
39979 0
39978 0
39977 0
39976 0
39975 0
39974 0
39973 0
39972 0
39971 0
39970 0
39969 0
39958 0
39957 0
39956 0
39955 0
39954 0
39953 0
39952 0
39951 0
39950 0
39949 0
39943 0
39942 0
39941 0
39947 0
39940 0
39939 0
39938 0
39937 0
39936 0
39935 0
39934 0
39933 0
39932 0
39931 0
39930 0
39929 0
39928 0
39927 0
39926 0
39925 0
39924 0
39923 0
39922 0
39921 0
39920 0
39919 0
39918 0
39917 0
39916 0
39915 0
39914 0
39913 0
39912 0
39911 0
39910 0
39909 0
39908 0
39907 0
39906 0
39905 0
39904 0
39903 0
39902 0
39901 0
39900 0
39899 0
39898 0
39897 0
39896 0
39804 0
39803 0
39802 0
39801 0
39800 0
39799 0
39798 0
39797 0
39796 0
39795 0
39794 0
39793 0
39792 0
39791 0
39790 0
39789 0
39788 0
39787 0
39786 0
40491 0
40967 0
40966 0
41064 0
41056 0
41027 0
41031 0
40948 0
40945 0
40521 0
40518 0
40971 0
40974 0
39006 0
39059 0
39060 0
39061 0
39062 0
39063 0
39064 0
39065 0
39066 0
39071 0
39072 0
39073 0
39331 0
39332 0
39333 0
39334 0
39335 0
39080 0
39081 0
39082 0
39083 0
39084 0
39085 0
39086 0
39087 0
39088 0
39089 0
39090 0
39091 0
39092 0
39093 0
39094 0
39095 0
39096 0
39097 0
39098 0
39099 0
39100 0
39101 0
39102 0
39103 0
39346 0
39347 0
39348 0
39349 0
39350 0
39110 0
39111 0
39112 0
39113 0
39114 0
39115 0
39116 0
39117 0
39118 0
39119 0
39141 0
39142 0
39143 0
39144 0
39145 0
39146 0
39147 0
39148 0
39149 0
39150 0
39151 0
39152 0
39159 0
39160 0
39161 0
39162 0
39163 0
39164 0
39165 0
39166 0
39167 0
39168 0
39120 0
39121 0
39122 0
39123 0
39124 0
39125 0
39126 0
39127 0
39128 0
39129 0
39130 0
39174 0
39131 0
39132 0
39302 0
39303 0
39304 0
39305 0
39306 0
39307 0
39308 0
39309 0
39310 0
39311 0
39312 0
39313 0
39314 0
39315 0
39316 0
39317 0
39318 0
39319 0
39320 0
39321 0
39717 0
39718 0
39719 0
39720 0
39721 0
39722 0
39723 0
39724 0
39725 0
39726 0
39727 0
39728 0
39729 0
39730 0
39731 0
39732 0
39733 0
39734 0
39735 0
39736 0
39737 0
39738 0
39739 0
39740 0
39741 0
39742 0
39749 0
39750 0
39751 0
39752 0
39753 0
39754 0
39755 0
39756 0
39757 0
39758 0
39759 0
39760 0
39761 0
39762 0
39763 0
39764 0
39765 0
39766 0
39767 0
39768 0
39769 0
39770 0
39771 0
39133 0
39134 0
39135 0
39007 0
39008 0
38739 0
39242 0
39241 0
39275 0
39274 0
39273 0
39272 0
39271 0
39270 0
39269 0
39268 0
39267 0
39266 0
39265 0
39264 0
39263 0
39262 0
39261 0
39260 0
39259 0
39258 0
39257 0
39256 0
39255 0
39254 0
39253 0
39252 0
39251 0
39250 0
39249 0
39248 0
39247 0
39246 0
39245 0
39240 0
39239 0
39238 0
39237 0
39236 0
39235 0
39232 0
39231 0
39230 0
39229 0
39228 0
39227 0
39226 0
39225 0
39224 0
39223 0
39222 0
39221 0
39220 0
39219 0
39218 0
39217 0
39216 0
39215 0
39214 0
39213 0
39212 0
39211 0
39210 0
39209 0
39208 0
39207 0
39206 0
39205 0
39204 0
39203 0
39202 0
39201 0
39200 0
39199 0
39198 0
39197 0
39196 0
39195 0
39194 0
39193 0
39192 0
39191 0
39190 0
39189 0
39188 0
39187 0
39186 0
39185 0
39184 0
39183 0
39182 0
39181 0
39180 0
39179 0
39178 0
39045 0
39044 0
39043 0
39042 0
39041 0
39040 0
39039 0
39038 0
39037 0
39036 0
39035 0
39020 0
39019 0
39018 0
39017 0
39016 0
39015 0
39014 0
39013 0
39012 0
39011 0
39286 0
39287 0
39288 0
39289 0
39290 0
39291 0
35321 0
35322 0
35323 0
35324 0
35240 0
35241 0
35242 0
35243 0
35196 0
35197 0
35198 0
35199 0
36103 0
36104 0
36105 0
36106 0
35141 0
35142 0
35143 0
35144 0
34353 0
34354 0
34355 0
34356 0
34436 0
34437 0
34438 0
34439 0
33394 0
33395 0
33396 0
33397 0
33973 0
33974 0
33975 0
33266 0
34280 0
34281 0
34282 0
34283 0
35459 0
35460 0
35461 0
35462 0
34757 0
34758 0
34759 0
34760 0
34680 0
34681 0
34682 0
34683 0
34645 0
34646 0
34647 0
34648 0
35972 0
35973 0
35974 0
35975 0
34602 0
34603 0
34604 0
34605 0
34517 0
34518 0
34519 0
34520 0
35640 0
35641 0
35642 0
35643 0
42257 0
40319 0
38915 0
38914 0
38913 0
38912 0
38911 0
42752 0
42751 0
42750 0
42760 0
42759 0
42758 0
42757 0
42756 0
42316 0
42315 0
42314 0
42313 0
42312 0
42311 0
41747 0
41748 0
41278 0
41277 0
41276 0
41275 0
41274 0
41273 0
41272 0
41271 0
41270 0
41269 0
41268 0
41267 0
41266 0
41265 0
41264 0
41263 0
41262 0
41261 0
41260 0
41259 0
41258 0
41257 0
41256 0
41255 0
41254 0
41253 0
41252 0
41251 0
41250 0
41249 0
41248 0
41247 0
41246 0
41245 0
41244 0
41243 0
41242 0
41241 0
41240 0
41239 0
41238 0
41237 0
41236 0
41235 0
41234 0
41233 0
41232 0
41231 0
41230 0
41229 0
41228 0
41227 0
39005 0
39004 0
39003 0
39002 0
39055 0
39054 0
39053 0
39052 0
39051 0
42279 0
42402 0
42401 0
42400 0
42399 0
42398 0
42397 0
42396 0
42395 0
42394 0
42393 0
42392 0
42391 0
42390 0
42389 0
42388 0
42387 0
42386 0
42385 0
42384 0
42383 0
42382 0
42381 0
42380 0
42379 0
42378 0
42377 0
42376 0
42375 0
42374 0
42373 0
42372 0
42371 0
42370 0
42369 0
42368 0
42367 0
42366 0
42365 0
42364 0
42363 0
42362 0
42361 0
42360 0
42359 0
42358 0
42357 0
42356 0
42355 0
42354 0
42353 0
42352 0
42351 0
42350 0
42349 0
42348 0
42347 0
42346 0
42345 0
42344 0
42343 0
40347 0
40346 0
40345 0
43326 0
40252 0
40251 0
40250 0
40281 0
40280 0
40279 0
40278 0
40277 0
40276 0
40275 0
40274 0
40273 0
40272 0
40271 0
40270 0
40269 0
40268 0
40267 0
42586 0
42585 0
42584 0
42583 0
42582 0
42581 0
42580 0
42579 0
42578 0
42577 0
42576 0
42575 0
42574 0
42573 0
42572 0
42571 0
42570 0
42569 0
42568 0
42567 0
42566 0
42565 0
42564 0
42563 0
42562 0
42561 0
42560 0
42559 0
42558 0
42557 0
42556 0
42555 0
42554 0
42553 0
42552 0
43425 0
43458 0
43457 0
42589 0
40459 0
40458 0
40457 0
40456 0
40455 0
40454 0
40453 0
40452 0
40451 0
40450 0
40449 0
40448 0
40447 0
40446 0
40445 0
40444 0
40443 0
40442 0
40441 0
40440 0
40439 0
40438 0
40437 0
40436 0
40435 0
40434 0
40433 0
40432 0
40431 0
40430 0
40429 0
42600 0
40428 0
40427 0
40426 0
40425 0
40424 0
40423 0
40422 0
41166 0
40520 0
40421 0
40420 0
40419 0
40418 0
41170 0
40517 0
40417 0
40416 0
40415 0
40414 0
40413 0
40412 0
40411 0
40410 0
40409 0
40408 0
40407 0
40406 0
40405 0
40404 0
40403 0
40402 0
40401 0
40400 0
42595 0
40399 0
40398 0
40397 0
43591 0
43590 0
43420 0
38378 0
38377 0
38376 0
38375 0
43938 0
43985 0
43984 0
44045 0
44056 0
44055 0
44074 0
44225 0
44471 0
44470 0
44469 0
44468 0
44467 0
44466 0
44465 0
44464 0
44463 0
44462 0
44461 0
44460 0
44459 0
44458 0
44457 0
44456 0
44455 0
44454 0
44453 0
44452 0
44451 0
44450 0
44449 0
44448 0
44447 0
44446 0
36267 0
36266 0
36265 0
36264 0
36263 0
36262 0
36261 0
36260 0
36259 0
36258 0
36257 0
36256 0
36255 0
36254 0
36864 0
36863 0
36253 0
36827 0
45031 0
45036 0
45035 0
45082 0
45122 0
45121 0
45120 0
45119 0
45118 0
45117 0
45116 0
45115 0
45114 0
45113 0
45112 0
45111 0
45081 0
45080 0
45079 0
45078 0
45077 0
45076 0
45034 0
45033 0
45030 0
45029 0
45028 0
45027 0
45026 0
45025 0
45024 0
45023 0
45022 0
45021 0
45020 0
45019 0
45018 0
45017 0
36826 0
36825 0
45069 0
45068 0
45067 0
45066 0
45065 0
45064 0
45063 0
45062 0
45061 0
45060 0
45059 0
45058 0
45057 0
45101 0
45100 0
45099 0
45098 0
45097 0
45096 0
45095 0
45094 0
45093 0
45092 0
45091 0
45090 0
45089 0
45088 0
45236 0
36631 0
36623 0
36609 0
36603 0
36588 0
36575 0
44316 0
44261 0
42296 0
43195 0
43042 0
42198 0
42229 0
42933 0
38895 0
42843 0
38813 0
38856 0
44077 0
44035 0
43913 0
43847 0
43877 0
38189 0
38304 0
40335 0
40240 0
37249 0
37557 0
36562 0
36465 0
36426 0
45776 0
45775 0
46180 0
46179 0
46265 0
46264 0
46263 0
46262 0
46261 0
46260 0
46259 0
46258 0
46410 0
46409 0
46408 0
46407 0
46406 0
46405 0
46404 0
46403 0
46464 0
46463 0
46462 0
46624 0
46904 0
46903 0
46902 0
46901 0
46900 0
46899 0
46898 0
46897 0
47017 0
47021 0
47020 0
47131 0
47133 0
47142 0
47210 0
47209 0
47208 0
47207 0
47253 0
47252 0
47281 0
47332 0
47349 0
47359 0
47358 0
47374 0
47373 0
47372 0
47371 0
47442 0
47441 0
47440 0
47162 0
47161 0
47500 0
47499 0
47498 0
47533 0
47532 0
47531 0
47605 0
47439 0
48007 0
48006 0
48027 0
48026 0
48025 0
48024 0
48023 0
48010 0
48011 0
48012 0
48013 0
48105 0
48122 0
47095 0
48165 0
48164 0
48163 0
48162 0
48161 0
47507 0
47506 0
47505 0
47504 0
47503 0
47502 0
47501 0
47540 0
47539 0
47497 0
47496 0
47495 0
47494 0
47493 0
47492 0
47491 0
47490 0
47489 0
47488 0
47487 0
47486 0
47485 0
47484 0
47483 0
47482 0
47481 0
47480 0
47479 0
47478 0
47477 0
47476 0
47291 0
47556 0
47555 0
47554 0
47553 0
47552 0
47551 0
47550 0
47549 0
47548 0
47547 0
47530 0
47529 0
47528 0
47527 0
47526 0
47525 0
47524 0
47523 0
47522 0
47521 0
47520 0
47519 0
47518 0
47517 0
47516 0
47515 0
47514 0
47513 0
47512 0
47511 0
47510 0
47509 0
48294 0
48293 0
47562 0
47563 0
47564 0
47565 0
47566 0
47567 0
47568 0
47569 0
47570 0
47571 0
47572 0
47573 0
47574 0
47575 0
47576 0
47577 0
47578 0
47579 0
47580 0
47581 0
47582 0
47583 0
47584 0
47585 0
47586 0
47587 0
47588 0
47589 0
47590 0
47591 0
47592 0
47593 0
47594 0
47595 0
47596 0
47597 0
47598 0
47599 0
47600 0
47601 0
47602 0
47603 0
47604 0
47946 0
47947 0
47948 0
47606 0
47607 0
47608 0
47609 0
47610 0
47611 0
47286 0
47285 0
47284 0
48549 0
47690 0
47689 0
47688 0
47687 0
47686 0
47685 0
47684 0
47683 0
47682 0
47681 0
47680 0
47679 0
47678 0
47677 0
47676 0
47675 0
47978 0
47977 0
47674 0
47673 0
47672 0
47671 0
47975 0
47974 0
47670 0
48585 0
48651 0
48650 0
48672 0
48688 0
48692 0
48691 0
48690 0
48689 0
48687 0
48686 0
48685 0
48684 0
48683 0
48682 0
48681 0
48680 0
48659 0
48658 0
48721 0
48720 0
48665 0
48664 0
48663 0
48662 0
48661 0
48660 0
48747 0
48746 0
48657 0
48656 0
48655 0
48654 0
48726 0
48725 0
48724 0
48733 0
48732 0
48723 0
48722 0
48753 0
48752 0
48719 0
48718 0
48717 0
48716 0
48715 0
48714 0
48679 0
48807 0
48806 0
48805 0
48804 0
48872 0
48603 0
48593 0
48605 0
48846 0
48847 0
48848 0
48849 0
48850 0
48851 0
48852 0
48853 0
48854 0
48606 0
48961 0
49149 0
49148 0
49147 0
49146 0
49207 0
49206 0
49205 0
49204 0
49203 0
49202 0
49201 0
49200 0
49199 0
49198 0
49197 0
49196 0
49195 0
49126 0
49125 0
49124 0
49267 0
49266 0
49265 0
49373 0
49372 0
49371 0
49370 0
49369 0
49368 0
49514 0
49513 0
49512 0
49511 0
49519 0
49545 0
49544 0
49543 0
49542 0
49575 0
49574 0
49573 0
49614 0
49613 0
49612 0
49611 0
49541 0
49540 0
49539 0
49538 0
49537 0
49536 0
49535 0
49534 0
49533 0
49532 0
49531 0
49530 0
49529 0
49528 0
49527 0
49526 0
49525 0
49524 0
49523 0
49522 0
49521 0
49510 0
49509 0
49508 0
49507 0
49506 0
49505 0
49504 0
49503 0
49502 0
49501 0
49500 0
49499 0
49498 0
49497 0
49496 0
49495 0
49494 0
49493 0
49492 0
49491 0
49490 0
49489 0
49488 0
49487 0
49486 0
49485 0
49484 0
49483 0
49482 0
49669 0
49567 0
49566 0
49565 0
49564 0
49563 0
49562 0
49561 0
49954 0
49974 0
49973 0
49972 0
49971 0
49970 0
49969 0
50047 0
50046 0
50045 0
50044 0
50043 0
50042 0
50041 0
50040 0
50039 0
50097 0
50146 0
49616 0
49615 0
49687 0
49686 0
49610 0
49609 0
49608 0
49607 0
49606 0
49605 0
49604 0
49603 0
49602 0
49601 0
49600 0
49634 0
49655 0
49654 0
49653 0
49652 0
49651 0
49650 0
49649 0
49648 0
49647 0
49646 0
49645 0
49644 0
50710 0
50709 0
50708 0
50707 0
50718 0
50717 0
50716 0
50715 0
50706 0
50739 0
50782 0
50806 0
50826 0
50825 0
50824 0
50823 0
50822 0
50797 0
50896 0
50904 0
50903 0
50895 0
50970 0
50969 0
50990 0
50871 0
50870 0
50869 0
50868 0
51096 0
51095 0
51106 0
50844 0
50843 0
50847 0
50842 0
50796 0
50795 0
50794 0
50793 0
50792 0
50791 0
50790 0
50789 0
50788 0
50787 0
50786 0
50785 0
50784 0
50781 0
50780 0
50779 0
50778 0
50777 0
50776 0
50775 0
50774 0
50773 0
50772 0
50771 0
50770 0
50769 0
50768 0
50767 0
50766 0
50765 0
50764 0
50763 0
50762 0
50761 0
50760 0
50839 0
50838 0
50837 0
50836 0
50835 0
50834 0
50833 0
50832 0
50821 0
50820 0
50819 0
50818 0
50817 0
50816 0
50815 0
50814 0
50813 0
50812 0
50811 0
50810 0
50809 0
50808 0
50805 0
50804 0
50803 0
50802 0
50801 0
50800 0
50799 0
50759 0
50937 0
50936 0
50935 0
50934 0
51249 0
50988 0
50987 0
50986 0
50985 0
50984 0
50983 0
50982 0
50981 0
50980 0
50979 0
50978 0
50977 0
50976 0
50655 0
50654 0
50653 0
50652 0
50651 0
50650 0
50649 0
50648 0
50647 0
50646 0
50645 0
50644 0
50643 0
50642 0
50974 0
50973 0
50968 0
50967 0
50966 0
50965 0
50964 0
50963 0
50962 0
50961 0
50960 0
50959 0
50958 0
50957 0
50956 0
50955 0
50954 0
50953 0
50952 0
50951 0
50950 0
50949 0
50948 0
50947 0
50946 0
50945 0
50944 0
50943 0
50942 0
50941 0
50940 0
50939 0
50938 0
51204 0
51203 0
51202 0
51201 0
50933 0
50932 0
50931 0
50930 0
50929 0
50928 0
50927 0
50926 0
50925 0
50924 0
50923 0
50922 0
50921 0
50920 0
50914 0
50913 0
50902 0
50901 0
50900 0
50899 0
50911 0
50898 0
50894 0
50893 0
50892 0
50891 0
50890 0
50889 0
50888 0
50887 0
50886 0
50885 0
50884 0
50883 0
50882 0
50881 0
50880 0
50879 0
50878 0
50877 0
50876 0
50875 0
50874 0
50873 0
51120 0
51119 0
51118 0
51117 0
51116 0
51115 0
51114 0
51113 0
51112 0
51111 0
51110 0
51109 0
51108 0
51105 0
51104 0
51103 0
51102 0
51101 0
51100 0
51099 0
51094 0
51093 0
51092 0
51091 0
51090 0
51089 0
51088 0
51087 0
51086 0
51085 0
51084 0
51083 0
51082 0
51081 0
51080 0
51079 0
51078 0
51077 0
50872 0
51075 0
51074 0
51073 0
51072 0
50867 0
50866 0
50865 0
50864 0
50863 0
50862 0
50861 0
50860 0
51065 0
51064 0
51063 0
51062 0
51061 0
51060 0
51059 0
51058 0
51057 0
51056 0
51055 0
51054 0
51053 0
50859 0
50758 0
50757 0
50851 0
50756 0
50755 0
50754 0
50753 0
50752 0
50751 0
50750 0
50749 0
50748 0
50747 0
50746 0
50745 0
50744 0
50743 0
50742 0
50741 0
50738 0
50737 0
50736 0
50735 0
50734 0
50733 0
50732 0
50731 0
50730 0
50729 0
50728 0
50727 0
50726 0
50725 0
50724 0
50705 0
50698 0
50703 0
50702 0
50701 0
50700 0
50697 0
50696 0
50695 0
50694 0
50693 0
50692 0
50691 0
50690 0
50689 0
50688 0
50687 0
50686 0
50685 0
50684 0
50855 0
50683 0
50682 0
50681 0
50680 0
50679 0
50678 0
50677 0
50676 0
50675 0
50674 0
50673 0
50672 0
50671 0
50670 0
50669 0
50668 0
50667 0
50666 0
50665 0
50664 0
50663 0
50662 0
50661 0
50660 0
50659 0
50658 0
50641 0
50640 0
50639 0
50638 0
50637 0
50636 0
50635 0
50634 0
50633 0
50632 0
50631 0
50630 0
50629 0
50628 0
50627 0
50626 0
50625 0
50624 0
50623 0
51653 0
51288 0
51287 0
51286 0
51285 0
51284 0
51283 0
51282 0
51281 0
51280 0
51279 0
51278 0
51277 0
51276 0
51275 0
51274 0
51273 0
51272 0
51271 0
51270 0
51878 0
51969 0
51978 0
51977 0
51976 0
51975 0
51974 0
51973 0
51972 0
51971 0
51968 0
51967 0
51966 0
51965 0
52057 0
52056 0
52055 0
52054 0
52053 0
52052 0
52227 0
52226 0
52225 0
52224 0
52223 0
52222 0
52274 0
52346 0
52415 0
52414 0
52413 0
52412 0
52411 0
52410 0
52409 0
52408 0
52407 0
52406 0
52478 0
52477 0
52476 0
52475 0
52474 0
52473 0
52472 0
52471 0
52470 0
52469 0
52468 0
52467 0
52466 0
52465 0
52464 0
52463 0
52462 0
52461 0
52460 0
52459 0
52458 0
52457 0
52456 0
52455 0
52454 0
52453 0
52452 0
52451 0
52450 0
52449 0
52448 0
52447 0
52446 0
52445 0
52444 0
52443 0
52442 0
52441 0
52440 0
52439 0
52438 0
52431 0
52430 0
52429 0
52428 0
52714 0
52713 0
52759 0
52758 0
52757 0
52830 0
52829 0
52556 0
52555 0
52554 0
53025 0
53024 0
53038 0
53132 0
53169 0
53213 0
53212 0
51257 0
51256 0
51255 0
51254 0
51253 0
51781 0
51252 0
51651 0
51650 0
51649 0
51648 0
51647 0
52819 0
52818 0
52817 0
52816 0
52815 0
52814 0
52813 0
52812 0
52811 0
52810 0
52809 0
52808 0
52807 0
52806 0
52805 0
52804 0
53587 0
53586 0
53585 0
53584 0
53583 0
53582 0
53581 0
53580 0
53579 0
53578 0
53577 0
53576 0
53575 0
52851 0
52852 0
52853 0
52854 0
52855 0
52856 0
52857 0
52858 0
52859 0
52860 0
52861 0
52862 0
52863 0
52864 0
52865 0
52866 0
52867 0
52868 0
52869 0
52870 0
52871 0
52872 0
52873 0
52874 0
52875 0
52876 0
52877 0
52878 0
52879 0
52880 0
52881 0
52882 0
52883 0
52884 0
52885 0
52886 0
52887 0
52888 0
52889 0
52890 0
52891 0
52892 0
52893 0
52894 0
53154 0
53327 0
53326 0
53325 0
53324 0
53323 0
53322 0
53321 0
53320 0
53319 0
53318 0
53317 0
53316 0
53315 0
53314 0
53313 0
53312 0
53311 0
53310 0
53309 0
53308 0
53307 0
53306 0
53305 0
53304 0
53303 0
53302 0
53301 0
53300 0
53299 0
53298 0
53297 0
53296 0
53295 0
53294 0
53293 0
53292 0
53291 0
53290 0
53289 0
53288 0
53287 0
53286 0
53285 0
53284 0
53283 0
53282 0
53281 0
53280 0
53279 0
53278 0
53277 0
53276 0
53275 0
53274 0
53273 0
53272 0
53271 0
53270 0
53269 0
53268 0
53267 0
53266 0
53265 0
53264 0
53263 0
53262 0
53261 0
53260 0
53259 0
53258 0
53257 0
53256 0
53255 0
53254 0
53253 0
53252 0
53251 0
53250 0
53249 0
53248 0
53247 0
53246 0
53245 0
53244 0
53243 0
53242 0
53241 0
54067 0
54098 0
54097 0
54182 0
54316 0
54329 0
54328 0
54327 0
54326 0
54325 0
54324 0
54323 0
54322 0
54321 0
54320 0
54319 0
54318 0
54315 0
54314 0
54313 0
54312 0
54311 0
54310 0
54309 0
54308 0
54307 0
54306 0
54305 0
54304 0
54303 0
54302 0
54301 0
54300 0
54299 0
54298 0
54363 0
54456 0
54455 0
54454 0
54453 0
54452 0
54451 0
54450 0
54449 0
54448 0
54447 0
54446 0
54445 0
54444 0
54443 0
54442 0
54488 0
54487 0
53371 0
53370 0
53369 0
53368 0
53565 0
53564 0
53563 0
53562 0
55120 0
55145 0
55222 0
55194 0
55193 0
55192 0
55191 0
55190 0
55189 0
55349 0
55416 0
55618 0
55617 0
55661 0
55805 0
55905 0
55904 0
55903 0
55902 0
55901 0
55900 0
55899 0
55898 0
55897 0
55927 0
55926 0
55925 0
55995 0
55994 0
55993 0
55992 0
55991 0
55990 0
55989 0
55988 0
55987 0
55986 0
55985 0
56019 0
56035 0
56034 0
56033 0
56032 0
56031 0
55490 0
55489 0
55488 0
55487 0
55857 0
55856 0
55855 0
55854 0
56073 0
56097 0
56176 0
56203 0
56202 0
56201 0
56200 0
56199 0
56198 0
56197 0
56196 0
56195 0
56194 0
56193 0
56192 0
56191 0
56190 0
56189 0
56188 0
56187 0
56186 0
56185 0
56184 0
56183 0
56182 0
56181 0
56180 0
56179 0
56178 0
56175 0
56174 0
56173 0
56172 0
56171 0
56170 0
56169 0
56105 0
56106 0
56107 0
56108 0
56109 0
56110 0
56111 0
56112 0
56113 0
56114 0
56115 0
56116 0
56117 0
56118 0
56119 0
56120 0
56425 0
56424 0
56423 0
56460 0
56478 0
56691 0
56714 0
56741 0
56740 0
56826 0
56631 0
56636 0
56635 0
56634 0
56633 0
56632 0
56983 0
56630 0
56629 0
56628 0
56627 0
56626 0
56625 0
56624 0
56623 0
56622 0
56621 0
56620 0
56619 0
56618 0
56617 0
56616 0
56615 0
56614 0
56613 0
56612 0
56611 0
57062 0
56972 0
56971 0
56970 0
56969 0
56968 0
56967 0
56966 0
56965 0
56964 0
56963 0
56962 0
56961 0
56960 0
56959 0
56958 0
56957 0
56956 0
56955 0
56954 0
56953 0
56952 0
56951 0
56950 0
56949 0
56948 0
56947 0
56946 0
56945 0
55042 0
55041 0
55040 0
55039 0
55038 0
55037 0
55036 0
55035 0
55034 0
57294 0
57293 0
57292 0
57291 0
57290 0
57289 0
57448 0
57447 0
57453 0
57478 0
57487 0
57486 0
57529 0
57528 0
57527 0
57586 0
57827 0
58071 0
58070 0
58069 0
58068 0
58067 0
58083 0
58082 0
58200 0
58199 0
58203 0
58264 0
58289 0
58288 0
57281 0
57280 0
57279 0
57278 0
57277 0
57276 0
57275 0
57274 0
57273 0
57598 0
57597 0
57596 0
57595 0
57594 0
57593 0
57592 0
57591 0
57590 0
57589 0
58524 0
58523 0
58522 0
58521 0
58536 0
58539 0
58538 0
58537 0
58546 0
58535 0
58534 0
58533 0
58532 0
58531 0
58530 0
57310 0
57309 0
57308 0
57307 0
57306 0
57305 0
57304 0
57303 0
57302 0
57301 0
57288 0
57287 0
57286 0
57285 0
57284 0
58433 0
57283 0
57580 0
57579 0
57578 0
57577 0
57576 0
57575 0
57574 0
57573 0
57572 0
57571 0
57570 0
57569 0
57568 0
57567 0
57566 0
57565 0
57564 0
58438 0
57563 0
58883 0
58754 0
58753 0
58752 0
58751 0
58750 0
58749 0
58748 0
58772 0
58771 0
58770 0
58769 0
58768 0
58767 0
58766 0
58942 0
58941 0
58824 0
58823 0
59001 0
59000 0
59031 0
58759 0
58758 0
58757 0
58756 0
58755 0
58901 0
58900 0
58899 0
58898 0
58897 0
58747 0
58746 0
58745 0
58744 0
58743 0
58742 0
58741 0
58740 0
58773 0
58915 0
58914 0
58913 0
58912 0
58911 0
58765 0
58764 0
58763 0
58762 0
58761 0
59140 0
59153 0
59152 0
59151 0
59150 0
59149 0
59148 0
59147 0
59146 0
59145 0
59144 0
59143 0
59233 0
59232 0
59278 0
59292 0
59312 0
59311 0
58932 0
58931 0
59440 0
58919 0
58918 0
58917 0
59393 0
58887 0
58886 0
59479 0
59480 0
59509 0
58885 0
59497 0
59496 0
59495 0
59454 0
59551 0
59550 0
59549 0
59548 0
59547 0
59546 0
59545 0
59544 0
59543 0
59542 0
59541 0
59540 0
59539 0
59538 0
59537 0
59536 0
59508 0
59590 0
59589 0
59588 0
59587 0
59586 0
59585 0
59584 0
59583 0
59582 0
59581 0
59580 0
59579 0
59578 0
59577 0
59576 0
59640 0
59625 0
59628 0
59631 0
59634 0
59419 0
59608 0
59418 0
59759 0
59758 0
59757 0
59756 0
59755 0
59734 0
59737 0
59736 0
59010 0
59034 0
59033 0
59030 0
59029 0
59028 0
59027 0
59044 0
59043 0
59822 0
59821 0
59820 0
59819 0
59818 0
59817 0
59620 0
59617 0
59614 0
59611 0
59752 0
59751 0
59947 0
59930 0
59516 0
58924 0
58930 0
59962 0
59932 0
59931 0
60010 0
60022 0
60021 0
60020 0
60019 0
60018 0
60004 0
60106 0
60105 0
60032 0
59992 0
59942 0
59943 0
60232 0
60231 0
60230 0
60296 0
60418 0
60435 0
60434 0
60475 0
60474 0
60381 0
60701 0
60700 0
60699 0
60698 0
60751 0
60760 0
60866 0
60865 0
60864 0
60897 0
60919 0
60918 0
60917 0
60980 0
60979 0
61084 0
61347 0
61430 0
61429 0
61434 0
61488 0
61506 0
61505 0
61521 0
61520 0
61519 0
61518 0
61517 0
61516 0
61515 0
61514 0
61513 0
61512 0
61559 0
61558 0
61574 0
61646 0
61645 0
61644 0
61643 0
61874 0
61883 0
62068 0
61990 0
62114 0
62113 0
62112 0
62111 0
62110 0
62109 0
62108 0
62490 0
62489 0
62488 0
62487 0
62486 0
62515 0
62552 0
62551 0
62556 0
62555 0
62550 0
62549 0
62548 0
62547 0
62546 0
62545 0
62504 0
62503 0
62502 0
62501 0
62500 0
62499 0
62498 0
62497 0
62496 0
62485 0
62619 0
62598 0
62597 0
62674 0
62673 0
62687 0
62686 0
62685 0
62684 0
62683 0
62682 0
62681 0
62680 0
62679 0
62678 0
62677 0
62869 0
63276 0
63275 0
63274 0
63273 0
63272 0
63271 0
63270 0
63426 0
63425 0
63489 0
63488 0
63487 0
63556 0
63555 0
63554 0
63553 0
63060 0
63059 0
63058 0
63057 0
63056 0
63055 0
63054 0
63668 0
63667 0
63666 0
63676 0
63183 0
63572 0
63571 0
63570 0
63569 0
63798 0
63797 0
63796 0
63795 0
63794 0
63812 0
63811 0
63810 0
63809 0
63808 0
63807 0
63806 0
63805 0
63804 0
63793 0
63792 0
63791 0
63790 0
63789 0
63788 0
63787 0
63786 0
63785 0
63784 0
63783 0
63782 0
63872 0
63871 0
64129 0
64217 0
64216 0
64215 0
64235 0
64234 0
64279 0
64278 0
64277 0
64426 0
64425 0
64484 0
64483 0
64482 0
64481 0
64480 0
64479 0
64478 0
64477 0
64476 0
64475 0
64474 0
64473 0
64472 0
64471 0
64470 0
64469 0
64468 0
64467 0
64466 0
64465 0
64464 0
64463 0
64462 0
64461 0
64460 0
64459 0
64458 0
64457 0
64456 0
64455 0
64454 0
64453 0
64452 0
64451 0
64450 0
64449 0
64448 0
64447 0
64446 0
64445 0
64444 0
64443 0
64442 0
64673 0
64672 0
64722 0
64721 0
64720 0
64719 0
64718 0
64717 0
64716 0
64715 0
64714 0
64713 0
64712 0
64711 0
64710 0
64709 0
64708 0
64707 0
64706 0
64705 0
64704 0
64703 0
64702 0
64701 0
64700 0
64699 0
64698 0
64697 0
64696 0
64695 0
64694 0
64693 0
64692 0
64691 0
64690 0
64689 0
64688 0
64687 0
64686 0
64685 0
64684 0
64683 0
64682 0
64681 0
64680 0
64679 0
64678 0
64677 0
64676 0
64671 0
64670 0
64669 0
64668 0
64667 0
64666 0
64665 0
64664 0
64663 0
64662 0
64661 0
64660 0
64659 0
64658 0
64657 0
64656 0
64655 0
64654 0
64822 0
64821 0
64876 0
64875 0
64874 0
64873 0
64872 0
64871 0
64870 0
64869 0
64868 0
64867 0
64866 0
64865 0
65064 0
65096 0
65095 0
65094 0
65093 0
65119 0
65118 0
65117 0
65116 0
65136 0
65135 0
65191 0
65306 0
65305 0
65304 0
65303 0
65302 0
65301 0
65300 0
65299 0
65298 0
65297 0
65296 0
65295 0
65294 0
65293 0
65292 0
65291 0
65290 0
65289 0
65288 0
65287 0
65286 0
65285 0
65284 0
65283 0
65282 0
65281 0
65280 0
65279 0
65278 0
65277 0
65276 0
65275 0
65274 0
65273 0
65272 0
65271 0
65270 0
65269 0
65268 0
65580 0
60505 0
60504 0
60360 0
60361 0
60143 0
60144 0
66056 0
66057 0
66058 0
66137 0
66469 0
66490 0
66489 0
66488 0
66487 0
66486 0
66485 0
66484 0
66714 0
66760 0
67065 0
67064 0
67063 0
67062 0
67090 0
67153 0
67152 0
67151 0
67127 0
67128 0
67129 0
67130 0
67293 0
67328 0
67327 0
67326 0
67325 0
67324 0
67323 0
67462 0
67488 0
67487 0
67550 0
67568 0
67567 0
67566 0
67565 0
67564 0
67563 0
67562 0
67561 0
67560 0
67559 0
67558 0
67557 0
67556 0
67555 0
67554 0
67553 0
67552 0
67549 0
67548 0
67547 0
67546 0
67604 0
67608 0
67607 0
67606 0
67603 0
67602 0
67601 0
67600 0
67732 0
67798 0
67802 0
67801 0
67942 0
67941 0
67940 0
67939 0
67938 0
67937 0
67936 0
67935 0
67934 0
67933 0
67932 0
67931 0
54644 0
54643 0
54642 0
54641 0
54640 0
54639 0
54638 0
54637 0
54636 0
54635 0
54634 0
54633 0
54632 0
54631 0
54630 0
54629 0
54616 0
54615 0
54614 0
54613 0
54612 0
54611 0
54610 0
54609 0
54608 0
54607 0
54606 0
54605 0
54604 0
68609 0
68684 0
68683 0
68682 0
68681 0
68680 0
58821 0
58820 0
58819 0
58818 0
58817 0
58816 0
58815 0
58814 0
60116 0
60115 0
60114 0
60113 0
60112 0
60111 0
60110 0
60109 0
60104 0
60103 0
60102 0
60101 0
60100 0
60099 0
60098 0
60097 0
60096 0
60095 0
60094 0
60093 0
60092 0
60091 0
60090 0
60089 0
60088 0
60251 0
60250 0
60130 0
60132 0
60133 0
60134 0
60135 0
60136 0
60137 0
60138 0
60139 0
60140 0
60141 0
60142 0
60145 0
60146 0
60147 0
60176 0
60177 0
60178 0
60175 0
60298 0
60299 0
60300 0
60301 0
60307 0
60308 0
60309 0
60310 0
60311 0
60312 0
60313 0
60314 0
60315 0
60316 0
60317 0
60318 0
60319 0
60320 0
60321 0
60322 0
60323 0
60324 0
60325 0
60326 0
60327 0
60328 0
60329 0
60330 0
60331 0
60345 0
60346 0
60347 0
60348 0
60349 0
60350 0
60351 0
60352 0
60353 0
60354 0
60355 0
60356 0
60357 0
60358 0
60359 0
60362 0
60363 0
60438 0
60439 0
60440 0
60441 0
60447 0
60448 0
60449 0
60450 0
60451 0
60452 0
60453 0
60454 0
60455 0
60456 0
60457 0
60458 0
60459 0
60460 0
60461 0
60462 0
60463 0
60464 0
60465 0
60466 0
60467 0
60468 0
60469 0
60470 0
60471 0
60489 0
60490 0
60491 0
60492 0
60493 0
60494 0
60495 0
60496 0
60497 0
60498 0
60499 0
60500 0
60501 0
60502 0
60503 0
60506 0
60507 0
59007 0
59006 0
59005 0
59004 0
58999 0
68712 0
68711 0
68710 0
68709 0
68708 0
68707 0
68706 0
68705 0
68704 0
68703 0
58998 0
58997 0
58996 0
58995 0
58994 0
58993 0
58992 0
58991 0
58822 0
58813 0
58812 0
58811 0
58810 0
58809 0
58808 0
58807 0
58806 0
58805 0
58804 0
58803 0
58802 0
58801 0
58800 0
58799 0
58798 0
58797 0
58796 0
58795 0
58794 0
58793 0
69180 0
59944 0
59945 0
59946 0
59949 0
60217 0
59411 0
69553 0
69646 0
69647 0
69648 0
69649 0
69650 0
69651 0
69652 0
69653 0
69700 0
69693 0
69692 0
69691 0
69690 0
69689 0
69688 0
69687 0
69686 0
69685 0
69684 0
69683 0
69682 0
69681 0
69629 0
69628 0
69627 0
69626 0
69625 0
69624 0
69623 0
69622 0
69621 0
69620 0
69619 0
69618 0
69617 0
69641 0
69727 0
69726 0
69725 0
69724 0
69723 0
69722 0
69721 0
69680 0
69679 0
69678 0
69677 0
69676 0
69675 0
69345 0
69611 0
69612 0
69613 0
69614 0
69615 0
69616 0
69748 0
69749 0
69750 0
69751 0
69752 0
69753 0
69754 0
69755 0
69834 0
69833 0
69832 0
69831 0
69830 0
69829 0
69828 0
69827 0
69826 0
69825 0
69824 0
69823 0
69822 0
69875 0
69868 0
69867 0
69866 0
69865 0
69864 0
69863 0
69862 0
69861 0
69860 0
69859 0
69858 0
69857 0
69856 0
69855 0
69854 0
69853 0
69852 0
69851 0
69850 0
69901 0
69902 0
69903 0
69904 0
69905 0
69906 0
69907 0
69908 0
69909 0
69910 0
69911 0
69912 0
69983 0
69982 0
69981 0
69989 0
69988 0
69987 0
69996 0
69995 0
69974 0
69973 0
69972 0
69971 0
69970 0
69978 0
69993 0
69994 0
69999 0
70049 0
70039 0
70038 0
70037 0
70036 0
70035 0
70023 0
70022 0
70021 0
70020 0
70041 0
69932 0
69931 0
69930 0
69929 0
69928 0
69927 0
69926 0
69925 0
69924 0
69923 0
69922 0
69921 0
69920 0
69919 0
70087 0
70249 0
70248 0
70268 0
70267 0
70086 0
70085 0
69510 0
69511 0
69183 0
69327 0
69526 0
69527 0
60200 0
58964 0
59981 0
70400 0
58926 0
60011 0
60009 0
70509 0
69564 0
69567 0
70463 0
59068 0
59788 0
70588 0
70587 0
70586 0
70585 0
70444 0
70631 0
58972 0
70362 0
70432 0
70433 0
70434 0
70435 0
70436 0
70437 0
70438 0
70439 0
70440 0
70441 0
70442 0
70443 0
70627 0
70445 0
70446 0
58921 0
58922 0
58923 0
59515 0
58925 0
59980 0
58981 0
58927 0
58928 0
58929 0
70713 0
70716 0
70715 0
70712 0
70737 0
70655 0
70606 0
70607 0
70608 0
70609 0
70722 0
60199 0
70724 0
70725 0
70726 0
70727 0
70728 0
70729 0
70730 0
70731 0
70732 0
70733 0
70734 0
70735 0
70736 0
70739 0
70740 0
70710 0
70709 0
70644 0
70643 0
70642 0
70641 0
70786 0
70772 0
66401 0
66400 0
66399 0
66398 0
66397 0
66396 0
66395 0
66394 0
66393 0
66392 0
66391 0
66390 0
66389 0
66388 0
66387 0
66386 0
66385 0
66384 0
66383 0
66382 0
66381 0
66380 0
66379 0
66378 0
66377 0
66376 0
66375 0
66374 0
66373 0
66372 0
66371 0
66370 0
66369 0
66368 0
66367 0
66366 0
66365 0
66364 0
66363 0
66362 0
66361 0
66360 0
66359 0
66358 0
66357 0
66356 0
66355 0
66354 0
66353 0
66352 0
66432 0
66433 0
66434 0
66435 0
66436 0
71439 0
71438 0
71442 0
71437 0
71581 0
71626 0
71625 0
71565 0
71564 0
71563 0
71562 0
71561 0
71744 0
71743 0
71742 0
71741 0
71745 0
49039 0
49046 0
49047 0
49048 0
49049 0
49050 0
49051 0
49052 0
49053 0
49054 0
49055 0
49056 0
49057 0
49058 0
49059 0
49060 0
49061 0
49062 0
49063 0
49064 0
49065 0
49066 0
49067 0
49068 0
49069 0
49070 0
49071 0
49072 0
49073 0
49074 0
49075 0
49076 0
49077 0
49078 0
49079 0
49080 0
49081 0
49082 0
49083 0
49084 0
49085 0
49086 0
49087 0
49088 0
49089 0
49090 0
49091 0
49092 0
49093 0
49094 0
49095 0
49096 0
49097 0
49098 0
49099 0
49100 0
49101 0
49102 0
49103 0
49104 0
49105 0
49106 0
49107 0
49108 0
49109 0
49110 0
49111 0
49112 0
49113 0
49114 0
49115 0
49116 0
49117 0
49118 0
49119 0
49120 0
49121 0
49122 0
49123 0
49236 0
49237 0
49238 0
49239 0
49240 0
49241 0
49242 0
49243 0
49244 0
49245 0
49246 0
49247 0
49248 0
49249 0
49250 0
49251 0
49127 0
49128 0
49129 0
49130 0
49131 0
49132 0
49133 0
49134 0
49135 0
49136 0
49137 0
49138 0
49139 0
49140 0
49141 0
49142 0
49143 0
49144 0
49145 0
49154 0
49155 0
49156 0
49157 0
49158 0
49159 0
49160 0
49161 0
49162 0
49163 0
49164 0
49165 0
49166 0
49167 0
49168 0
49169 0
49170 0
49171 0
49172 0
49173 0
49174 0
49175 0
49176 0
49177 0
49178 0
49179 0
49180 0
49181 0
49182 0
49183 0
49184 0
49185 0
49186 0
49187 0
49188 0
49189 0
49190 0
49191 0
49192 0
49193 0
49194 0
49253 0
49254 0
49255 0
49256 0
49257 0
49258 0
49259 0
49260 0
49261 0
49262 0
49263 0
49264 0
49271 0
49272 0
49273 0
49274 0
49275 0
49276 0
49277 0
49278 0
49279 0
49280 0
49281 0
49282 0
49283 0
49284 0
49285 0
49286 0
49287 0
49288 0
49289 0
49290 0
49291 0
49292 0
49293 0
49294 0
49295 0
49296 0
49297 0
49298 0
49299 0
49300 0
49301 0
49302 0
49303 0
49304 0
49305 0
49306 0
49307 0
49308 0
49309 0
49310 0
49311 0
49312 0
49313 0
49314 0
49315 0
49327 0
49328 0
49329 0
49316 0
49317 0
49318 0
49319 0
49320 0
49321 0
49322 0
49323 0
49324 0
49331 0
49332 0
49333 0
49334 0
49335 0
49336 0
49337 0
49338 0
49339 0
49340 0
49341 0
49342 0
49343 0
49344 0
49345 0
49346 0
49347 0
49348 0
49349 0
49350 0
49351 0
49352 0
49353 0
49354 0
49355 0
49356 0
49357 0
49358 0
49359 0
49360 0
49361 0
49362 0
49363 0
49364 0
49365 0
49366 0
49367 0
49380 0
49381 0
49382 0
49383 0
49384 0
49385 0
49386 0
49387 0
49388 0
49389 0
49390 0
49391 0
49392 0
49393 0
49394 0
49395 0
49396 0
49397 0
49398 0
49399 0
49400 0
49401 0
49402 0
49403 0
49404 0
49405 0
49406 0
49407 0
49408 0
49409 0
49410 0
49411 0
49412 0
49413 0
49414 0
49415 0
49416 0
49417 0
49418 0
49419 0
49420 0
49421 0
49422 0
49423 0
49424 0
49425 0
49426 0
49427 0
49428 0
49429 0
49430 0
49431 0
49432 0
49433 0
49434 0
49435 0
49436 0
49437 0
49438 0
49439 0
49440 0
49441 0
49442 0
49443 0
49444 0
49445 0
49446 0
49447 0
49448 0
49449 0
49450 0
49451 0
49452 0
49453 0
49454 0
49455 0
49456 0
49457 0
49458 0
49459 0
49460 0
49461 0
49462 0
49463 0
49464 0
49465 0
49466 0
49467 0
49468 0
46678 0
72738 0
72737 0
72736 0
72735 0
331 0
332 0
333 0
334 0
335 0
336 0
337 0
338 0
339 0
340 0
341 0
342 0
343 0
344 0
345 0
346 0
347 0
348 0
349 0
350 0
351 0
352 0
353 0
354 0
355 0
356 0
357 0
358 0
359 0
360 0
361 0
362 0
363 0
364 0
365 0
366 0
367 0
368 0
369 0
370 0
371 0
372 0
373 0
374 0
375 0
376 0
387 0
388 0
389 0
390 0
391 0
392 0
393 0
394 0
395 0
396 0
397 0
398 0
399 0
400 0
72664 0
72663 0
72662 0
72938 0
72937 0
72936 0
72989 0
72988 0
73042 0
73041 0
73070 0
73069 0
73068 0
73067 0
73066 0
73065 0
73064 0
73063 0
73062 0
73086 0
73085 0
73084 0
73083 0
73082 0
73081 0
73080 0
73079 0
73078 0
73096 0
73148 0
73147 0
73153 0
73233 0
73232 0
73231 0
73230 0
73229 0
73228 0
73227 0
73338 0
73580 0
73579 0
73561 0
73560 0
73559 0
73558 0
73557 0
73556 0
73555 0
73808 0
73888 0
73887 0
73886 0
73885 0
73884 0
73883 0
73882 0
73881 0
73880 0
73879 0
73878 0
73877 0
73876 0
73952 0
73951 0
73950 0
73949 0
73948 0
73947 0
73925 0
73924 0
73923 0
73922 0
73921 0
73920 0
73919 0
73918 0
74037 0
74036 0
74049 0
74372 0
50143 0
50142 0
50141 0
50140 0
50139 0
50138 0
50137 0
50136 0
50135 0
50134 0
50133 0
50132 0
50131 0
50130 0
50129 0
50128 0
54836 0
74626 0
74627 0
74628 0
74629 0
52238 0
52237 0
52236 0
52235 0
52234 0
52221 0
52051 0
52050 0
52049 0
52048 0
53492 0
53493 0
53494 0
53495 0
53496 0
53497 0
53498 0
53499 0
53500 0
53501 0
53502 0
53503 0
53504 0
53505 0
53506 0
53507 0
53508 0
53509 0
53510 0
53511 0
53512 0
53513 0
53514 0
53515 0
53516 0
53517 0
53518 0
53519 0
53520 0
53521 0
53522 0
53523 0
53524 0
53525 0
53526 0
53527 0
53528 0
53529 0
53530 0
53531 0
53532 0
53533 0
53534 0
53535 0
53536 0
